584
1027
4
6
1033
11
12
1036
14
1040
17
20
1045
22
23
1049
28
1053
32
1060
38
1062
39
1063
1064
1066
43
1067
44
46
1070
1071
1072
1073
1074
53
1077
1078
1079
56
57
1081
59
1083
61
1085
62
1086
63
1090
67
68
1092
69
1093
1094
72
73
74
1099
1102
79
1103
1108
1110
1111
88
1112
1113
90
91
1118
95
1121
100
1125
105
1130
107
1131
113
1137
115
1141
1142
119
1143
120
1144
122
123
125
1149
1151
1153
130
132
134
1158
1159
137
1161
1162
139
140
1165
1166
1167
1168
1169
147
149
150
1174
154
1178
1180
1181
1183
1184
1186
1187
166
1190
167
168
169
1193
172
1196
1200
1202
1203
1204
1205
1206
1207
185
187
1211
189
1215
192
1216
195
1219
1222
200
1225
1228
1229
1230
207
208
1233
1235
212
1237
215
1239
216
1241
218
1242
221
222
1248
225
1249
1251
228
1254
1255
233
234
236
1260
238
1264
241
243
1267
1269
248
1272
249
1273
250
251
1275
1276
253
1277
254
1280
259
260
262
266
267
270
272
273
275
276
277
1301
1303
282
1306
283
284
1310
1311
289
1313
290
1315
292
1316
1317
1318
296
298
1322
1323
300
302
1326
303
1327
305
1330
309
1334
1338
315
317
1342
320
1344
321
1345
1346
1347
324
326
328
329
332
1356
1357
1360
337
1361
1362
1364
342
1366
1370
347
1371
349
352
355
1379
356
1380
1381
1383
1384
366
367
1392
371
372
1396
1399
378
380
381
1405
1406
1409
1410
387
1411
1413
1415
394
395
396
1420
397
1422
1423
400
1424
401
1425
402
1426
1427
1430
408
410
1435
1438
1441
1443
422
1450
427
1451
1453
430
1454
431
432
433
1457
437
1461
439
1463
1466
1468
1471
1472
1474
451
1476
454
1478
455
1479
456
1480
459
460
1484
1485
463
1487
1489
466
1490
1491
468
1494
1495
1496
1498
475
477
1501
480
1505
483
1512
490
1514
1516
1518
1521
498
499
1526
504
507
1531
1532
509
1534
1535
512
1536
513
1537
1538
517
1541
1542
1543
521
522
1546
523
1548
526
527
528
1552
1553
1554
535
537
538
539
540
1565
542
1566
1567
1570
547
548
1572
550
554
1579
1581
559
1583
1586
1589
566
1590
568
1592
570
1594
571
1595
1597
578
582
586
590
593
594
596
598
600
602
604
606
612
613
618
621
622
623
624
630
634
635
638
639
645
647
649
652
654
662
663
665
668
674
681
685
687
689
691
696
698
701
703
705
714
718
722
723
724
730
737
738
739
745
747
754
757
761
763
764
768
773
778
782
788
791
792
801
802
808
812
814
817
818
820
824
825
832
836
841
843
844
847
848
849
851
852
862
865
866
869
873
876
878
879
880
881
882
883
890
891
893
899
902
903
904
905
906
907
908
909
910
911
915
916
919
922
925
927
931
932
934
937
940
948
952
953
957
960
961
962
966
968
970
973
975
976
977
978
981
983
984
985
989
991
994
997
1001
1002
1004
1005
1007
1009
1010
1011
1014
1015
1016
1020
1021
145
0
1
2
3
4
260
9
266
267
16
273
19
20
21
278
22
23
279
25
281
283
28
284
285
33
35
36
39
295
296
40
42
298
44
45
46
47
305
308
53
309
54
311
55
64
65
322
67
323
68
324
327
333
77
334
79
80
337
338
339
83
340
85
88
89
345
92
349
95
351
96
354
100
102
103
359
104
363
365
109
111
368
112
113
115
371
373
374
119
379
380
124
125
126
127
131
133
135
137
138
142
145
146
153
154
155
156
158
160
162
167
168
169
173
177
179
182
190
191
193
196
197
199
200
203
206
209
211
212
218
221
224
225
231
237
239
240
241
243
246
247
250
251
252
255
