5873
8194
3
16388
24580
8197
6
24582
24583
7
16392
16395
12
8205
24589
24590
16399
16
24592
18
16402
20
24597
21
16407
24601
27
24605
24606
16414
32
16416
24609
8225
16418
16419
35
8227
8228
36
24613
24615
8231
8232
8236
24621
46
48
24625
50
16435
24628
16436
52
16437
54
16438
8246
57
58
8250
16443
8254
8255
63
64
16449
8258
8259
24644
8260
16456
24648
75
8268
24656
82
16466
24659
16467
8275
16468
8279
16472
8281
8283
93
8285
16477
24674
16484
24677
16486
24680
105
24682
16490
24684
110
16495
111
24688
8307
16501
16503
120
24696
24697
16505
8316
125
126
8319
128
8320
129
16514
24707
8324
133
16517
16518
8326
135
16519
8329
140
24717
16525
24718
8335
8339
8340
24725
150
8343
152
16536
8344
8346
24732
156
158
8350
159
24736
16544
16547
164
165
8358
24742
24743
16551
16552
168
24747
8364
172
24749
16558
8369
16562
8371
180
8374
8375
24759
8376
8377
16569
24761
186
187
8380
8382
24768
8384
16577
8386
8389
8392
24776
205
24782
207
8399
24784
16592
24785
209
211
8403
8404
8405
216
24792
16600
24795
16604
221
8414
8415
24799
16612
16613
8422
24806
8424
16616
233
24809
16617
234
8427
235
24811
24813
24814
16622
238
239
16624
24820
16628
248
8443
16639
256
257
8451
24836
264
24840
16648
16649
24843
269
24847
271
24850
16658
275
276
16661
8470
280
8474
24859
8475
284
24860
16668
24862
289
24865
290
24867
16676
8484
8486
24870
8487
24873
24875
8491
8492
301
16685
8493
302
24878
8495
303
304
305
8498
24883
8499
24886
311
8504
16701
8510
16702
8512
24901
8517
16710
326
8520
24904
330
24907
332
16717
8525
334
16718
24912
8528
8529
24916
341
342
16726
24919
344
346
16730
24922
24928
354
24930
24931
355
357
358
8551
360
24937
16747
8555
24940
16749
8557
365
16750
24943
16753
369
16757
24949
16758
24951
16760
379
16763
380
382
383
8577
385
8578
8580
16772
389
16773
24968
16777
8586
16779
8588
396
16781
399
16784
24977
401
16786
24978
24980
404
16789
24982
407
8599
16793
24986
410
24987
8603
8607
8608
417
24993
419
16803
8612
16805
16807
8615
25000
8623
432
16816
8626
25011
438
16823
441
16827
8636
16829
8637
25021
446
447
8640
25025
16838
25030
456
16841
459
25036
8655
463
8656
25040
25041
16851
25043
16854
470
8662
16856
16858
16859
25054
25055
16864
481
25058
16869
8677
8678
25064
8681
16875
16876
25068
16879
16880
25073
25075
16885
8694
503
505
25081
8699
16891
16893
25085
8701
8703
8705
8706
25090
8707
8708
16900
517
25093
8710
8712
521
16907
16908
25100
525
16911
16912
25105
16916
25108
8726
16920
25112
25115
8732
8734
8735
25120
544
8741
8742
552
25129
16938
25132
8749
25133
8750
16942
559
560
8754
16946
564
16948
565
16951
8760
568
16953
25145
16954
570
8764
16956
25152
8768
8773
25162
586
25163
25164
8781
16976
8784
25168
8786
8789
25174
16984
16985
25177
8794
16987
25179
8796
8799
25184
16996
8804
8805
25193
8810
8816
626
8819
628
17013
17015
8823
17016
8826
25213
639
17023
25216
8834
17029
17030
8841
17033
25228
17038
25230
25232
8848
17044
660
8853
661
17046
17048
8858
666
667
25243
17051
8860
668
17052
17054
8862
17055
25250
8867
25252
677
17061
17062
678
8873
682
8875
8877
17070
687
25263
25264
8880
8881
17074
25266
17075
8884
694
25270
17079
25272
697
17082
17084
25277
701
8895
17087
705
8898
17092
709
17094
25287
25288
17096
8904
25290
17098
25291
716
17100
717
17103
719
720
17104
8913
723
17110
25304
25309
734
736
25313
25315
17124
741
8934
25324
749
751
25329
754
25330
756
8948
25334
758
8951
760
17144
761
17149
8957
8958
8959
769
17153
770
8962
773
775
776
25353
779
17163
780
8973
17166
25359
17169
785
25362
8981
25366
8982
791
25370
25372
8988
17182
799
25376
8994
25379
17187
804
17188
17189
17192
17194
9003
25388
815
816
17200
9010
25394
821
822
17209
25402
827
830
9022
17216
832
25409
17218
25410
9030
839
9031
9033
9034
25419
844
9037
847
25424
17233
25425
17235
851
17236
9046
855
25431
17239
9048
17240
9049
17241
857
9050
9051
859
17243
25435
9052
17244
860
25437
861
25438
9057
25441
866
17255
25449
17259
17263
25458
883
9075
17267
25460
9076
25466
9083
892
17276
25471
9088
896
9089
9090
17283
9091
9093
901
904
9096
905
9097
9098
25484
25485
17297
17298
25492
25493
917
25497
25500
926
9118
17312
25504
17313
930
9124
25508
17317
25509
933
9125
9129
17321
17322
939
9138
9139
25524
25525
9141
951
9144
952
9146
9147
17339
957
959
9151
961
17345
9153
9156
965
25542
9158
968
970
17355
972
973
25549
974
975
17360
17361
977
9169
25553
9171
979
25556
25557
17368
984
987
9179
25564
25566
991
993
17381
17383
999
25576
25579
17390
25582
25583
17391
25584
1009
9202
17395
1013
25590
9207
1015
17400
17401
17402
9210
1019
9212
25596
25598
17406
1023
9215
9216
25600
9217
17410
1026
17411
1028
25607
17415
9224
17416
9225
1033
1035
25611
9228
1041
17426
1042
1043
9235
25621
1046
17431
17434
9242
25626
17435
17437
17438
17439
25631
25632
17441
25635
1060
25641
9258
1070
25646
17454
1071
17455
1072
1073
9266
17458
25650
1074
17460
1076
25653
9271
25660
9278
25663
9281
17474
25668
17477
17479
9289
25673
9290
25674
17482
1099
17485
9294
17487
17492
25686
17496
9305
25689
17498
1116
17502
25694
9312
1120
25697
9314
9315
1127
25704
17513
25710
25711
9327
1136
9329
25714
17527
25720
1146
17531
25723
1147
17532
25726
17534
17536
25731
25732
17541
25734
17542
9350
9351
1159
25736
9352
9353
1163
9355
1164
25740
9357
17552
25747
17555
25749
25752
25753
9370
1180
17564
17565
25757
17566
1183
9376
9377
25762
9379
25763
17572
17574
9383
9385
17578
25770
9387
25773
17581
1198
17583
9391
1199
1202
25781
9398
25785
9401
9404
1213
25790
25791
1217
17602
9411
1219
17604
9413
25799
1225
9417
1227
25804
25808
1234
25811
17620
9428
17622
9430
1238
17624
25817
1242
1243
9436
9439
9441
9445
25830
25833
9451
17644
9455
25840
1264
9458
9459
1268
1270
9464
1273
9469
25855
9472
17665
25858
17669
25862
9479
25863
17671
25864
17677
1294
25871
25872
9488
17680
25873
25875
1300
25876
17686
1305
25882
17690
1307
9500
25886
25888
25889
1314
25894
9510
17704
1321
9514
25898
17707
9516
9517
1327
1329
17713
9522
17715
17716
25911
1335
17720
25913
9529
25914
9530
9531
25917
17725
1341
25921
9538
25922
25924
1348
9542
17737
17740
9550
25934
9551
25935
9553
25938
9557
1367
17753
17754
9567
17763
25956
9573
1383
25961
1386
17772
17776
9584
9585
1393
9587
25973
17782
1398
1402
17788
17791
1408
9601
9602
1410
25986
17795
17796
1414
25992
9608
17801
1417
25994
17803
25997
25998
26000
26001
9618
1426
26003
26005
26006
17815
17818
17821
17822
9632
17825
9634
26018
17826
26023
17833
9641
26026
17834
1450
1453
1455
9650
17842
1459
9651
17843
1461
9655
26039
17848
26041
26043
26046
9662
1470
1472
9666
9667
26052
17860
9669
17864
1480
1483
26061
1485
1487
9679
26065
26066
1491
17876
9684
17877
9686
26070
9688
26072
1497
1500
1501
17887
9699
17891
1509
17895
9703
26089
17899
1516
17903
26095
17905
9714
1526
26102
26103
1528
9722
17916
26108
26109
17919
26114
9731
1539
1540
17925
26117
9734
17926
9735
17929
9737
1545
9742
17935
26127
1551
26129
17938
9746
1555
26132
1560
17944
17945
17946
1565
17950
1568
17952
26145
17954
1572
9764
1576
9769
9770
26156
17964
1581
1585
26161
17970
26163
9779
9781
1589
9782
9783
9787
17979
1596
1597
1598
9791
17984
9793
17985
1602
9794
1603
26185
17993
26187
26189
26190
9809
1617
9812
18005
9813
26198
26200
9817
1625
1628
26204
18013
26207
9825
18018
18020
9828
1638
26215
18024
1641
18025
26219
26220
1644
18031
9839
26223
9840
18033
9842
26226
1650
26227
1653
18038
18041
26233
1659
26235
26238
1662
26239
18047
9858
26242
9861
9862
1670
18054
9863
26247
1672
9865
26251
9867
18059
26254
18062
9871
18063
1681
1683
26259
9876
1686
18071
18073
26268
1693
26270
1695
26272
18082
9890
9891
26275
26276
18085
9894
1704
9896
9897
1707
9903
18096
1712
18097
9908
18100
9909
18102
9913
1721
18106
9915
1725
18110
26302
1726
26305
9926
26311
1737
1738
18123
9931
26318
1742
9934
1746
1749
9941
9942
1750
1752
18136
18137
26330
1758
26334
18143
18144
26340
18148
18149
18150
9960
26345
9961
1769
9964
18159
1776
26356
1781
26357
18168
9979
18172
26368
18177
18178
1794
9987
18182
1799
9991
1800
18184
26376
9994
18187
9996
9997
18189
18190
1806
10000
10001
18194
1811
18195
18199
26392
1817
1819
10012
18205
10013
1821
26398
18206
10015
18207
26400
1825
1827
26404
18213
26406
18216
26409
18219
10027
26413
1839
10031
26415
18224
26418
10036
26421
1845
18230
1846
10039
18232
26424
1848
26426
1853
18242
1858
10051
1859
18246
10054
26438
26440
18248
26441
26442
18250
1866
1867
26443
18251
1869
10061
18253
26446
18257
18258
10066
18259
26454
18263
10072
26456
18264
1882
26460
10076
26461
10077
10078
10081
18273
1890
18275
26468
1892
26470
18279
26472
18280
18281
18282
26474
10090
10091
26476
1901
18287
1903
26480
10096
10099
18296
10104
1912
18298
10107
26492
10108
18300
1918
26495
26500
1925
18309
10118
26503
18312
1929
26506
10124
18319
10127
1936
26513
10129
1937
18322
26514
18324
10132
26516
1941
1942
10136
1945
10138
10141
18334
1952
18336
18339
10148
10149
1959
1964
26540
10156
10158
10161
26545
18353
26548
10165
1975
10168
1979
26555
18363
10172
18368
1985
1987
10180
1989
10183
18375
26568
18376
1993
10187
1998
26574
18383
26578
18387
10195
26582
10198
2007
10200
2008
26584
26585
10201
26586
26589
26590
2015
10208
18401
10210
2020
18404
18405
10214
10215
26600
10216
26601
2028
26605
2029
2030
18415
18416
26608
10225
18417
26610
18418
10227
26612
18420
10228
2036
2037
18421
10232
10233
2042
26619
2044
26620
10237
2045
18430
10238
26622
10242
18434
18437
18438
10247
18439
2055
10249
26635
10252
2061
10255
10258
10259
18451
10262
18454
18457
10266
2076
18461
10270
26657
26658
26659
18467
2084
2085
10277
26665
18473
2090
2092
18476
26672
2096
26673
18482
2100
10293
18485
10296
2105
26682
26683
18491
2108
10302
10304
26690
10308
2116
18500
2117
18502
18503
2121
10313
2122
2123
18508
18510
18513
2130
26706
2132
10324
18516
10325
2134
10329
18527
2147
18531
26723
10341
2150
2151
10344
2153
26730
10347
2155
10351
2161
10355
2165
10357
2167
2170
2171
26748
10364
2173
26753
2178
2179
10371
26757
18565
10377
18569
2185
18570
2186
26762
10379
18571
18578
26771
10387
18583
26776
26779
18587
26781
10398
18590
26784
26786
26787
10405
10406
26790
2216
18600
10409
2220
2224
18609
10419
2228
18615
26812
2237
26815
18624
2241
26818
18627
2245
18629
26822
18632
10440
26824
26832
18640
10448
18643
2261
26838
2263
18651
2267
26844
2269
26846
18655
10463
26848
26850
18658
2275
10467
10471
26856
2281
26859
18667
2284
26861
18670
10478
26863
10480
18672
2288
2290
26869
10488
10489
26876
18685
2302
2304
18690
2306
26884
2309
2311
10503
18697
18700
18703
10515
10517
18710
26902
18711
26903
26907
26911
10528
18721
18722
10532
2342
10535
2343
2344
26920
18732
10541
26928
26929
2353
26931
2357
10549
18742
26934
2359
26935
18743
26936
10553
26938
2362
10555
18747
26944
2368
18754
2371
18756
18759
18760
26955
2380
2381
18766
26958
2383
10576
2385
10578
18771
26965
18773
26966
26967
26968
2392
2393
10586
2396
10589
10590
18783
18784
2401
10595
2404
2405
10597
2408
10603
26988
26989
18797
18798
10606
26992
18802
2419
18805
2422
27000
2424
27001
2425
27002
27004
27005
27007
10623
2434
10628
2437
18822
10631
2440
27017
18826
18827
10635
2443
27021
27023
10640
18833
10646
27032
27033
27034
2459
18843
10652
27037
2463
2464
18848
27041
27042
2466
2467
10667
2476
10668
10670
10672
2480
10673
10674
2482
2485
18870
18871
2489
2490
27066
18875
10684
2492
18876
27070
2498
2499
10691
18884
2501
27077
18886
10696
27081
2506
10698
10699
10700
2510
18894
27087
18897
18899
27091
10707
2515
18900
18902
10710
2519
10711
10713
2521
10714
18907
2523
2524
10716
18908
18910
27102
27104
18916
2535
18920
2536
27112
10731
2540
27116
27117
18927
2543
27121
18930
27122
10739
18932
2550
27128
18937
2555
10750
27134
18944
27138
10755
10756
18948
18952
2568
18956
27149
10766
18959
2576
18963
27155
2580
18964
2582
2583
27160
18969
2585
27163
10780
2588
2589
18973
2590
27167
10784
18977
2594
18979
10788
2596
27172
18981
2599
27176
18984
2602
27179
10796
10797
27181
2606
10800
2609
2612
2613
18997
19002
10810
2618
2620
19004
19005
10813
10815
10816
27201
2625
10818
27202
10821
27206
10823
10824
27208
19016
2636
27214
19023
2641
27218
10835
19028
27220
19029
10840
19032
2649
10841
10844
10845
27230
2655
2656
10849
19042
2659
19045
27240
19049
27241
10858
27244
10861
27245
19054
19055
10864
27249
27250
2675
19059
2676
27253
10871
2679
10873
2681
2682
10874
2685
27263
2687
10879
10880
19074
2692
10884
27268
19081
10890
10891
10892
10893
2701
2702
19088
10897
27281
2705
27283
2708
2709
2710
10903
2712
19097
10905
2717
19102
27295
10912
27297
2722
10914
19107
27299
10915
27301
19109
10917
10919
10920
27304
2729
19113
27307
19116
10924
19117
10925
2733
27312
10928
10930
2740
2742
27319
2744
19129
2745
27323
27324
10941
19137
10946
2755
27331
19142
27335
27336
19144
10953
19149
2767
2768
19152
27344
10961
2769
10962
2770
19154
2771
19156
10964
2774
19158
10966
2776
19162
27354
10971
19163
2780
19165
27358
2783
19168
2786
10978
19171
10979
10980
27364
19175
2791
10984
27369
27370
19178
2795
10987
27374
27376
19185
2804
27381
27383
19191
19192
27384
27386
11002
11003
19197
11013
19205
2823
19209
19210
27402
11020
27411
2835
2839
11031
2840
27417
2841
27419
2843
27420
19228
19230
19231
19232
11040
27425
19233
11042
2851
27428
19237
11046
19239
19247
27441
11057
27442
19250
27447
2871
11063
19256
11064
2872
19257
19258
27450
27451
11068
19260
2877
11072
2880
11074
19266
11076
27461
27462
11079
27464
19272
19273
11081
19274
2891
11084
19277
27470
19278
19279
27472
2900
19284
19285
19288
2904
2905
19289
2906
11105
27489
27490
11107
27492
19301
19304
27498
11115
27499
27501
19312
11120
27504
11121
2929
27505
27508
2934
27511
19323
2940
19325
11133
2942
19327
11137
2946
11140
19332
2948
11142
19335
11143
11144
19338
2954
11147
19341
11149
2958
11151
19343
27535
2960
11152
19347
11156
11158
11159
27545
11163
27549
11167
11168
2979
27556
27557
11174
19369
27561
11177
27562
2986
19373
11182
27567
11184
19378
2995
11187
19380
19381
27577
27579
3004
27580
19388
19390
27583
3011
19396
11205
3016
27592
3017
3018
19402
3020
27598
27602
11220
27604
11223
19417
27609
3037
27613
3038
11231
3039
27617
11233
3041
27619
3043
11236
19429
11237
3047
27624
11241
19437
27629
3055
11247
11248
3061
11254
11255
11256
19449
3065
27642
19454
3073
11267
3075
19464
3083
3084
19469
27661
19470
3087
19471
19473
19474
3091
27667
3092
19476
19477
11287
11288
27672
11289
3098
27675
11294
27679
19487
27680
27681
19489
3106
19491
11302
3112
19496
3113
19499
19500
19501
27694
19508
27700
3124
27701
19510
3126
3127
19511
3130
11323
11325
11326
11327
27712
27715
19523
19525
11334
11335
27721
27722
11338
3148
3149
19536
11345
3154
27731
19539
27732
11350
27735
27737
3161
11353
3162
3163
27739
19548
11357
11360
27744
3169
19553
19555
3171
3172
27748
3173
3174
3175
11367
19559
19561
19563
11373
27758
11378
11379
27763
3187
27766
3193
19577
19582
27776
19584
27778
27779
3205
27782
11399
27784
11401
19593
27786
19596
3213
11405
27789
19598
19599
11407
11409
11410
3218
19603
3219
27797
19607
19608
27801
27803
19613
19616
11424
11425
11426
3238
19623
3240
3241
27817
11435
11436
11437
27822
11438
19631
3247
11444
3254
3259
11451
19646
19647
3267
27845
3270
27848
3272
19658
27852
11469
11470
3278
19662
11472
27857
27860
11476
11479
3287
3288
11480
27864
3292
19677
27870
3294
19679
27872
27873
11490
3298
19682
27875
3301
11494
3303
11496
3304
27881
11498
3307
11499
19692
11501
27885
11502
19695
19696
27890
19698
27892
11508
27893
27897
3322
19707
11515
27900
27903
3327
19712
11521
3331
27907
3332
19725
27918
3344
19728
19729
11538
27924
3349
27925
3351
19735
3352
11544
27929
19738
19739
3356
19740
3362
27938
3363
19747
11559
19752
27944
19754
11562
27946
11568
27952
19762
27955
11571
19764
27956
27958
27959
3384
27962
11579
19772
11583
27970
3394
27971
3395
27972
19783
27976
3401
19787
11597
19789
27982
11598
27983
11602
27986
27987
27988
19796
19797
27990
19802
11611
11615
19808
28000
11618
28005
3431
11624
19816
28008
19817
19818
3434
28010
28011
3435
19819
19822
11633
11635
3443
19828
28020
11637
19829
11639
28024
3449
19834
3450
28028
19838
3454
11647
19841
19842
3459
11651
28037
11654
19846
3462
28039
19848
11656
11657
28042
28043
3468
28049
11666
11667
19859
3476
11668
11669
19864
19866
3484
11678
3486
28063
28065
28066
11685
19877
3495
28071
28072
11691
28079
28080
28081
11697
19891
11699
19894
19896
11705
19898
19900
3518
11712
3521
11715
3524
11716
19908
11717
3525
11718
19911
3527
11720
19912
3531
19916
11725
28112
28114
19923
11733
28118
11734
11736
19931
3548
11740
28127
19937
3553
11752
28136
28137
11753
11758
11759
28144
19952
11763
28148
28150
19960
28153
11771
3580
11772
3581
11777
11778
19971
19972
19977
3597
3599
28175
19985
3603
19988
11797
19991
11800
19993
11803
19995
11804
28188
19997
11807
20000
11809
3618
20004
11812
20007
20009
28204
20013
3629
28206
20015
28208
20016
11828
3636
11830
3638
28214
20022
11831
11833
28217
28218
20028
3645
20030
11838
28223
20039
28232
28233
20041
11850
11851
3660
28236
11853
20047
3663
28240
20048
3664
11857
20050
3671
20056
20057
3673
11867
3675
20064
11873
20066
28259
28260
3684
11879
20076
20077
3699
20086
11894
11895
20090
3707
20092
3709
20093
11901
20096
20100
11909
20106
11914
11915
20111
11922
20115
3732
3733
3734
20121
20123
11931
11932
11934
11935
20128
11936
3745
11937
20130
3748
11945
11947
20140
3756
3758
20150
3767
11959
20151
3769
3774
3775
20160
3777
11971
3780
3782
20168
11978
3786
11979
11980
20172
20173
3790
20174
3791
11987
11989
20181
20182
11990
20184
3800
3801
11993
20186
3803
11996
3807
3809
12005
20199
12008
3816
12009
12011
3822
12015
3823
12017
3826
20211
12021
3830
20215
12024
12025
3834
20219
20220
12030
3838
3841
20227
20231
20235
20236
3852
12044
3855
20241
12051
20244
3861
3864
3865
20251
20252
12066
20259
20260
20263
3881
3883
20270
3888
12081
20274
20276
3893
20277
12086
3895
20284
20286
12094
12095
3904
3905
12098
20291
3909
12102
20295
12103
20296
20297
3913
12106
20300
20301
12113
20306
12115
3925
12117
3926
3933
12127
3937
12132
12135
3944
20329
3945
12137
12138
20333
12141
12142
20337
20339
3955
3956
12148
20340
20343
12151
20344
12152
12153
20346
3969
3972
12164
12167
20360
3976
12173
20366
3983
12175
3988
12181
20373
3989
12182
20376
12184
12186
20382
4003
4006
4008
20394
12206
4014
4016
12210
4021
12213
12214
20409
4026
20413
4029
4030
20415
4031
12226
20421
4038
4039
20423
4046
20431
20432
20433
4049
12241
12245
4054
12246
20440
4057
12253
20449
20450
4068
12260
4070
12264
4072
4074
12266
20460
20461
4080
12274
12276
4085
12279
20471
12281
12282
20474
12283
12285
4094
12291
12294
12296
20488
4105
20489
12300
12301
20501
12310
4118
12315
4124
20509
4126
20513
4132
4134
4135
20520
20521
4139
12331
12334
4143
12338
4146
4147
12339
4148
4149
20534
20535
12346
20538
12347
4155
20540
20541
20542
20545
4161
4165
12358
4166
20553
4170
20558
12366
4175
20559
20560
12369
4178
20563
4179
20565
12375
20569
20570
4186
12378
4188
12382
4194
4197
12389
20581
12390
20585
4201
4202
4204
4206
4207
12402
12403
12404
4213
4215
4217
12411
4223
12416
4227
4228
4229
12422
4232
12428
12429
4239
20624
4242
20630
20631
4247
4248
12441
20634
20635
4251
4253
4255
12447
20640
12452
4266
12464
12469
20662
12472
4280
12474
20667
20668
12477
12479
12481
20673
20675
20676
12488
4296
12489
12491
20683
20684
4300
12493
4302
12497
12509
12510
4319
20705
4322
12514
20708
12518
12519
20712
4328
4329
12521
12522
20716
12526
4334
12528
20722
4338
4340
20725
12535
4343
20727
4347
12541
4351
20735
12543
12544
4352
20738
12546
20743
4360
20745
20747
12556
12558
12559
4370
12562
12563
20757
12566
4375
4377
4388
12581
20775
20777
20779
12590
12591
20784
20785
20788
12597
20789
4407
12600
12602
4411
12603
20796
4412
20797
4413
20798
12607
4416
4418
12610
4419
4420
12615
20807
12616
4425
12618
4427
4430
4432
12627
4437
12629
12631
12633
4442
4444
12640
12641
20834
20835
20836
4452
12644
12645
20839
4455
12649
4457
12650
12655
4464
20850
4467
4468
4469
12662
4472
12665
20858
4478
4479
20864
4484
4488
20873
20878
20879
12690
4503
20887
12697
12698
4507
12699
20891
4509
4511
4516
4517
20906
12718
20910
12720
20916
20917
12727
4535
20922
20923
12732
20926
4542
20927
4545
12739
20932
4550
12744
12746
20939
4558
12751
20944
4560
12754
12755
20948
20950
20954
20955
20962
4578
20964
20966
4583
12775
4586
12781
4589
20977
12787
4597
20982
4599
12791
12793
12798
12801
20995
20997
12805
4616
21000
4618
12812
4622
4626
12819
21012
4629
12822
12823
21015
12824
4634
12826
21018
12828
4636
4637
4639
21024
12832
4640
21029
12838
21030
4647
4649
4650
4653
4654
21039
12848
4659
12853
12854
21052
21055
12863
4672
21057
12865
12866
21058
12868
21063
4682
21066
21067
21068
12876
4686
21071
12881
4690
21075
4692
21076
21078
4696
21082
4700
12897
4707
12900
4711
21095
21097
4714
4715
4718
21102
4719
21103
12912
12913
21107
4723
4724
4726
21111
21112
4729
4731
12924
4732
12927
12934
12935
21128
12938
21132
4748
12941
4750
4752
4754
12946
12947
12948
21142
12952
21144
12953
4762
12955
21149
21150
4766
12958
12959
21155
4772
4774
12970
4779
4781
12975
4783
21169
4785
12977
12978
4786
12979
21172
4790
12985
21177
12988
21183
4801
12994
12996
12997
21189
12999
4812
13005
13009
21201
21202
21207
13018
21210
4827
4828
13020
21212
21213
21214
13023
21215
4832
21217
13027
13028
13030
4840
21226
13035
4844
13037
21231
4851
4852
21237
4853
13046
4856
13048
21242
13051
4859
21246
4862
21248
4865
21249
21252
13061
4871
21257
4873
4876
4877
13069
21261
4878
13072
13073
4881
21266
13076
21270
13078
4887
21274
13084
4893
4895
4897
4898
13091
13093
13103
13104
4917
13109
21301
13110
21303
13111
13112
4920
13114
4922
4923
13115
13118
4927
13119
4928
13121
13122
4934
4938
13134
21328
4944
13136
13137
4946
13138
21335
21336
4953
13146
13152
4960
4962
13154
21346
4967
21352
4971
21355
13165
13169
21363
13172
21365
4982
4985
13177
4987
13179
21371
13180
21374
4991
13185
4996
21381
13190
21383
13191
4999
13193
13195
21387
5004
5006
13198
21391
13201
5011
13204
13208
13209
13212
13213
21405
5024
13220
5028
21413
5036
13232
13233
13234
13238
5047
13240
13242
21434
5051
21438
5055
21440
13253
21448
5065
5066
21451
13261
21458
5075
13267
21460
5079
21463
21465
5082
5087
21471
13281
5089
5092
5095
21481
13289
5099
21484
21485
13293
21486
21490
13299
5110
21496
5113
13306
5117
21502
5119
21506
13319
21511
21513
13326
13327
21520
13329
5137
5140
13332
13334
13335
13336
13337
21530
5147
13339
21531
5148
21534
5151
21536
5156
5157
13351
5159
5161
13355
5165
21552
21553
13361
21555
5173
21560
5178
5179
13373
13374
13376
13380
5188
5189
13382
21574
21575
21577
21580
21582
5199
21583
5204
21590
5206
5207
13400
21593
13402
21594
13403
5213
13406
13407
21600
13411
5220
13413
5224
13418
5230
13423
13426
21618
13427
13428
13429
13430
5241
21627
21629
21631
5248
13440
5251
21635
13445
13446
5254
5255
21639
13449
13451
13452
5261
21647
5265
21649
21651
13459
5268
5271
5275
5278
13470
21665
5282
5283
13475
13476
5284
21671
5290
13486
21678
13487
5296
13488
5297
21682
5299
21683
21688
13498
5309
13505
21699
21701
5317
13510
21704
5320
13514
5322
21709
13518
13522
21716
13526
21718
13527
13529
21722
5339
21724
5340
5341
21726
21731
13539
21734
5350
5351
5353
5355
21740
13548
13550
5358
21742
21743
13551
21746
5363
13557
13559
13561
13564
5373
5377
21761
13569
21762
13571
21763
13572
5383
21772
13583
5391
13584
13586
5396
13589
21783
13593
21786
13596
13602
5410
21794
5411
5413
21799
21800
21801
5418
21802
5419
13612
21805
21807
5424
13618
21811
5427
5428
21812
21813
5430
21817
5436
21820
5438
21822
21823
5439
21824
5441
21825
13634
21829
5447
13639
13640
21834
5453
21837
21840
5458
21845
13653
21847
21848
21849
5466
5468
21853
13663
13665
21859
13667
21860
5481
13673
21866
5482
13676
21870
5486
13680
21872
21874
5492
5496
21885
5502
21887
5506
13699
5507
13703
5512
5513
21898
13706
13707
21900
5518
21904
13714
13717
21909
21912
5532
5533
13726
5534
21919
5536
13728
21921
5538
21922
5539
13733
21925
13735
5545
21929
13742
5551
5553
13746
13749
21944
13752
13754
5565
21951
5568
21957
21958
5576
5577
5578
13770
21963
5579
13774
21970
21973
5592
5593
21982
5600
21984
5602
21989
13797
13798
21991
13800
13801
5613
13808
22001
22004
5627
5628
22013
13823
13824
22018
22019
5636
5638
22023
5641
22027
5644
13840
5648
22032
22034
5651
13843
5655
5656
13852
5660
5661
13854
5663
22047
13856
22049
22056
22059
13867
5675
13868
22060
5678
22062
5682
13874
22066
13876
22068
22069
5687
13879
22074
5690
5691
5693
22082
5698
13891
22084
5700
13892
5704
13896
22088
5705
22089
13900
5712
5713
13909
5720
13913
5723
22107
13917
5726
5727
13920
22112
5729
13922
13924
13926
5735
22122
22123
13932
13933
13934
13935
5745
13938
5746
22131
13940
22132
22133
5749
13943
13948
22140
13949
5757
13950
22142
5760
22145
13957
5766
5767
13962
5775
13969
5780
22165
22166
13975
5784
22170
5787
22175
22176
13985
13986
13988
22180
5799
22183
22184
5800
22186
5808
14002
22196
14005
5816
5817
22202
5819
14011
22206
5822
14015
14017
22209
22210
14019
14022
5831
14024
14025
5834
22219
22221
22222
5839
14032
22225
5843
14036
5847
5848
5849
14041
22233
5851
22240
5858
14050
5859
5863
5866
5867
22253
22255
22256
22257
14065
22258
14067
22261
14069
5879
22266
14074
14076
22271
14080
5889
22276
14086
14088
22281
14090
22284
22285
5903
5911
22296
5913
14106
14110
14111
22306
22311
5927
14119
5928
14120
5930
14126
5934
5936
5938
14133
5941
14135
5943
5944
22330
14139
14145
5955
22339
5958
22344
22346
22349
14158
5966
14160
5968
5970
22356
5973
5975
5979
5981
5988
22373
5991
22376
14185
14187
14189
5998
22383
14191
6000
6002
6003
14199
6007
6008
14203
6012
14204
14206
22403
14213
22406
14214
6022
14215
22408
14216
22411
14220
14223
6033
6034
6036
14229
6038
22422
6040
14233
22427
14236
22428
6045
22431
22434
14246
22440
22441
14252
6060
14254
6062
14256
6065
14259
22451
6067
6070
6071
22456
6072
14265
6073
6075
22459
22460
6077
22465
22466
14274
14275
14277
6091
14285
22478
14289
22482
14291
6106
6107
14300
14303
14305
14306
6116
14309
14310
22503
22504
14312
14315
14318
14323
6133
22518
14329
14331
6139
14334
6142
6143
6144
6145
6149
6153
14350
22542
22544
6161
22546
6163
6165
14357
6168
14363
22556
14364
14366
22563
14371
6180
14373
22565
22567
22569
22570
14379
22572
14380
22573
22574
14384
14390
14391
6199
14392
22585
14394
22586
22588
22589
14397
22590
14398
22592
14400
6211
22601
6221
6223
6225
6226
14419
6228
6229
14422
22615
6231
22617
6236
22621
14431
6241
22625
6246
14439
6247
22634
6253
22641
14451
6260
22644
14454
14455
14456
22649
6266
22650
6268
14461
22654
22655
6271
6273
22668
6284
6288
6291
14484
6294
22683
14491
14492
14494
22690
6306
14498
14507
14512
6320
6321
6323
14516
6326
14519
6329
6330
22716
22718
22722
14531
14532
14534
22730
14538
6348
14540
14542
6352
6355
22743
6359
14552
14553
6362
6364
22749
14558
6367
14560
14561
6373
6375
6379
14574
14576
14577
14578
22774
14583
14591
14592
22786
14595
14596
22788
14597
22789
22790
6407
14603
6412
22796
6419
22806
14615
22808
6426
6427
22812
22815
22817
6435
6436
14630
6438
14631
6439
6440
22825
22831
22832
14641
6449
14642
14643
14645
6453
22839
22841
6462
14657
6466
22851
22852
6469
22854
14662
6470
6472
6474
6475
14667
14673
22865
6483
22871
14680
6489
6491
14683
14685
22877
22880
14689
14690
22885
14696
14702
6515
6517
14709
22901
22905
6523
22908
6524
6525
22912
22913
6529
14721
22914
22915
14723
14727
22922
6541
6544
6545
22931
22933
6551
6552
14745
14746
14747
6557
22945
14754
14757
6565
6567
14763
22957
14765
14766
14768
14775
22967
6586
14782
6591
22976
6595
14793
6601
6603
14795
14798
6612
22997
6616
14810
6618
23002
14815
14820
6628
6630
14825
6634
14826
23019
23022
14832
23029
14838
14841
14844
6656
23040
14849
23042
6658
14853
6665
23049
6666
6667
23051
23052
6673
14866
6675
6676
6679
23064
14873
14874
6682
6688
23072
6689
6692
23077
6693
6694
14886
14887
6697
6698
14892
14893
23086
6702
14897
23090
23091
23092
14901
23094
23095
6711
6713
14907
14909
23102
14911
23104
23105
6722
14916
6725
14917
14918
14920
14925
23118
14927
23120
23122
23124
6741
6743
23130
23131
14939
6749
23136
14944
23138
6755
14948
14949
23143
6759
14952
14954
23147
23149
14957
14958
23152
14964
23157
14965
14968
6776
23160
6777
14969
6778
14971
6779
6784
14976
6790
23174
6792
6794
6795
23180
14990
6799
6800
6801
14995
14999
23191
15001
6810
23194
15003
15004
23196
6815
6816
23202
15010
6818
15011
15014
23206
15015
6823
23207
6825
15019
6830
15026
15027
6837
23222
15033
23227
6844
23228
15040
23233
23234
15046
15048
6859
6866
6868
15061
6870
6872
15067
23259
23261
23262
15070
6879
23265
23269
6886
23271
6889
23277
23284
6901
23286
6902
15097
6906
6909
23296
6914
15107
6916
23300
23302
6919
23305
15116
23310
15120
6928
15121
15122
23323
15132
15133
6942
6943
23328
23331
23332
15141
6950
23335
6953
23337
15147
23339
6955
6957
23343
6961
23345
15154
23347
15155
15160
6969
15161
15162
6971
23360
15171
23363
6979
6980
23365
6981
15174
23370
23371
15181
15182
15183
15184
6993
15186
23380
15191
23384
7002
23387
7004
15196
7006
23391
23392
23394
23395
15204
7013
15205
15206
23400
15208
7017
7018
15210
23403
15211
23404
7020
7024
23409
15217
23411
23416
7034
23420
15229
15230
23422
7042
7043
7044
23431
7056
15248
15249
7059
7063
23447
15259
23452
23458
7076
23460
23461
7079
7080
15272
23466
15277
23470
23472
23473
15281
7090
15284
7092
15285
15286
15287
23483
7102
7103
15296
7106
23490
7110
15305
23497
15306
7115
23500
15310
7118
23508
7130
15325
15329
23523
7140
7141
15337
23531
15342
23535
7153
15345
15346
15347
23541
7160
15352
23545
15355
23547
7165
23550
7167
23552
7169
23555
7172
7178
7180
7181
15375
7185
15383
7191
7194
23578
7195
23582
15391
23583
7199
23585
15399
23594
15404
23597
7216
23606
15415
23608
7227
23616
7232
23621
23622
15432
15435
23628
15437
15439
7250
23635
23638
23639
15448
7256
23641
15450
7260
7261
15456
15457
23649
7265
15462
7271
23655
15464
15466
7275
23661
23665
15475
23667
7287
15480
23673
15482
23679
7296
7297
15491
23684
7300
15493
23687
7304
15496
15498
7308
15500
23694
15503
7311
23696
7315
15509
23701
7320
7321
7322
7323
7324
23710
7326
7327
15521
23714
15525
7335
7336
7338
23723
15532
7342
15535
15537
15538
7347
23733
7349
7350
23737
15546
23739
15551
15552
7360
23745
7361
15555
15556
15558
23751
15559
23752
23753
7371
23757
7374
23759
7377
23766
23767
15577
7385
7386
15580
23772
23773
7389
23775
7393
15587
23781
7397
15594
23786
7403
7405
15597
23789
23791
7409
23793
23794
23795
7411
7414
15607
15609
7417
23802
23804
15613
7421
7422
23809
7426
23812
15622
7433
23817
7434
15627
15631
23824
15636
7445
23832
7451
7452
23839
15648
23840
15653
23846
7462
15655
7463
23848
7467
15660
7469
23853
15661
23856
15666
7475
15668
15670
23864
7481
7482
23869
23870
7487
7488
23872
15681
7492
23876
23878
15693
7501
23887
15695
15697
15703
7514
7518
15712
7520
7522
15716
7524
23910
23912
15721
23913
23915
7532
23917
7533
15726
23918
7536
23921
23923
15735
23928
15738
15744
15747
23941
23944
7561
23946
7565
15757
15758
15759
23953
15764
23957
7575
15768
7576
15774
15776
7585
23969
15779
23972
15783
7594
15786
15787
7596
23980
15789
15794
7603
23988
23989
15797
15799
7607
23992
15802
15805
23998
24002
7623
24010
15819
24013
7633
7634
15826
15827
7635
24020
7638
24024
15835
24028
7645
7646
24031
15840
24036
15846
24040
7656
15849
7657
24043
15851
24044
7660
15854
7663
7664
24048
24051
15862
7670
15864
7672
24057
24061
24064
7680
15873
15874
7683
24068
7685
15878
15879
7687
15880
24075
15884
7693
7694
15886
15889
15890
15893
7701
15894
24087
24088
7706
15899
7707
24092
15903
15904
7717
7718
24103
15914
7722
15916
24108
15921
24115
7731
15924
24118
24119
24121
15932
15933
24126
7742
7744
15937
24129
15938
7747
15942
7751
15943
15946
24138
15949
24141
24143
15952
24147
7765
15958
24152
15961
7771
15963
24155
15964
24156
15966
24159
15970
24165
24167
15978
24173
7790
15985
15988
7796
7797
7798
24185
24186
24188
15998
24190
15999
16000
7809
24194
24196
16005
7814
7821
24205
7822
16014
7824
16021
7829
7831
7832
7833
24218
16026
7837
16031
7841
24226
7845
16038
16040
24234
7854
24238
16046
16049
24241
7857
16050
24243
7860
16054
24247
7864
16058
16060
24253
24254
7870
24257
7874
7878
7880
24264
7882
7883
24270
7891
7892
16084
16085
7893
16086
16087
16088
7896
16089
7898
7899
16091
16092
24286
24290
16099
24291
16100
16101
16102
7912
7914
7915
24299
16108
16111
7920
7923
16116
16121
24314
7931
16123
24317
16125
24321
24322
24326
16135
24327
24328
16137
7945
24330
16138
7948
16141
24334
7951
24338
7954
7956
16152
7960
7962
7963
16155
7965
24351
7970
16163
16164
7972
16166
16167
24362
7979
24366
16176
7985
16179
16180
24374
7993
16186
7994
24379
7995
24381
24382
16190
16193
24387
16200
24392
8008
24395
8011
8012
16206
8016
16211
16212
8020
8025
16218
8028
8029
24415
16223
8031
24416
8034
24424
8040
24425
16233
16234
16239
24432
8050
16245
8054
24439
16247
8055
16248
16249
8058
8060
24446
16254
16257
24449
8066
16259
8067
8072
16268
24460
8076
16269
24468
8086
24473
16283
8091
24476
16285
8093
8095
24483
24485
16294
24487
8109
8112
24497
16306
16307
24501
8118
24506
24507
16316
16319
24514
16322
8132
8133
8136
8138
24523
8139
8140
16333
24526
24527
16336
8150
24539
16348
24541
24543
16351
8163
24550
8167
24556
16364
24558
8174
8180
16374
8184
16379
24573
16381
24575
16383
12
99
230
167
184
264
457
203
285
14
478
223
383
