2003
0
4099
12291
8196
5
7
9
12299
12300
4108
8204
4109
12301
16
12307
8213
22
4120
4121
26
8218
12314
12315
4123
28
12319
12320
12322
12324
12327
4136
41
8244
4149
8246
58
4158
4159
8258
66
4163
8259
71
4169
8270
78
4179
8278
4183
4185
94
8289
4198
106
4202
8300
4206
114
4213
118
4218
8320
8321
8322
132
4228
8329
138
8330
139
8332
8333
142
4243
4244
8343
4250
4251
4252
8349
8351
4257
8356
4263
168
170
8362
4273
177
4275
180
8374
4279
4280
8380
188
8381
189
4288
4292
8389
4293
4295
200
8394
8398
207
208
209
4306
4309
8406
4310
4318
8415
8417
226
228
8420
8422
4326
8423
8424
8431
240
8436
4341
8444
4349
8446
255
4352
4353
8449
260
8454
4360
8464
4369
278
8474
8475
289
4387
8484
293
8486
8488
8489
299
303
8495
4401
8499
308
8500
309
312
8505
314
315
4412
4415
319
4418
4419
4423
328
8521
4427
8524
8527
4432
4433
8534
343
4441
4443
4444
8542
353
357
4459
365
4464
370
4467
8564
372
8565
8566
8567
8568
4472
4474
4479
385
4481
4483
4485
4487
4491
8589
400
402
404
8600
409
4505
8601
4507
4508
4510
4513
421
8614
8617
4525
4531
8629
437
8631
440
441
4537
444
4541
446
8640
4545
450
8645
454
4551
8648
458
4556
4558
8657
467
4563
4566
472
473
8667
479
4578
482
483
8676
4584
8680
489
4586
4587
4588
8685
8689
500
4600
507
511
512
8707
519
520
8713
4617
524
525
8718
528
530
4628
533
4629
8725
4636
542
8735
4641
8737
546
8740
552
4649
4650
4651
8747
558
8751
4655
4657
563
8759
571
8763
4670
576
8769
577
8771
8777
585
4681
587
4684
8782
4686
8784
595
596
4693
4696
604
8798
4702
607
8801
8803
8804
4709
4711
615
4712
8811
4716
8814
8815
4721
8818
4723
633
4732
8829
638
8832
8833
644
4741
650
8844
4751
8848
658
4757
664
666
8858
8860
673
8867
4771
4772
4782
690
4786
4789
4791
8887
700
704
4802
4804
708
8902
4809
714
4811
8911
720
4819
8917
4821
4823
729
4826
4827
8924
4830
735
4831
4832
739
8933
8934
4841
745
8940
4846
751
4848
8947
4854
8951
8952
4857
4859
4861
768
771
773
4872
4873
4875
4876
781
8975
784
8976
8977
786
4886
4890
8987
4892
8992
8998
4905
809
4906
9005
815
818
9012
821
822
4920
4922
9018
830
4927
9023
9026
4933
4936
848
849
9042
850
4948
854
855
857
4956
4957
9057
866
868
9061
4967
872
9065
4969
876
9068
4972
4978
9074
4982
9082
4987
4990
894
895
902
5001
9100
9101
5005
9103
5007
915
5011
9108
919
9115
9116
9117
5023
5024
9123
9124
933
5031
9127
9128
9130
9136
5040
5042
5044
955
5052
5054
9152
5061
9162
972
974
9171
5076
983
5083
991
992
995
5093
5095
9193
1001
5097
5098
1003
9195
1006
9198
5105
1015
1016
5115
1020
9212
9213
5117
5118
5119
1024
5121
9219
9226
5130
1035
9229
1037
9235
5143
9241
9246
9248
5154
9251
1066
9259
9260
5166
1071
5170
9266
9268
5179
9275
9277
9278
9284
9293
5200
1104
9297
9303
1112
9305
9307
9308
5213
9311
5215
5216
1122
5219
5220
1130
9323
1141
1143
9337
1147
9344
5249
1159
5255
5256
1163
5260
5263
9359
9361
1170
9362
5267
9364
9366
5270
1176
5278
1183
9375
1188
9380
5284
5286
5289
1193
5293
1201
5298
1204
5300
1208
5305
5307
1212
9408
1217
1221
9413
9417
9418
5322
9419
5324
5325
9422
5327
1234
9427
9428
5332
5336
9433
9434
9436
5340
9437
5344
5346
9444
5350
5351
5352
5353
9451
9454
9456
9457
1268
9460
9463
5369
9465
1275
5376
9476
9478
9479
1289
5386
9482
1291
5388
1292
9486
9487
9490
5396
1301
5402
9500
1309
9506
1314
9508
5414
5416
9513
5420
9518
1328
5425
9523
9524
5428
1335
9528
5432
9529
5440
9537
5441
9541
5454
1361
5457
5458
9556
9557
1366
9560
9565
9567
1375
9568
9569
1380
5478
9575
5483
5486
1391
5494
1399
9595
1406
5504
9600
9601
5506
1411
1416
1418
9614
5521
1425
1426
1431
1432
5530
1436
1440
9633
5537
5538
9635
1444
9640
1449
5545
1451
9644
9645
5551
5552
9653
9654
9655
9657
5562
5563
5564
5567
5569
1476
5575
5576
9673
9675
5586
9683
1503
9696
5600
5602
9698
1516
9708
9710
9717
9718
1527
9720
5624
9722
9723
1536
5638
9735
1549
5647
5648
9744
9746
9747
1559
5657
5662
1576
5674
1578
9772
5678
9776
1586
5684
1591
5689
5690
1602
9795
5699
9798
1607
5706
9803
5708
9809
9811
5718
5720
1628
9828
5733
1639
1641
9834
9835
5741
1645
9840
5745
5750
1655
5753
1658
9850
9851
9854
9855
5760
1664
5762
5763
9861
1671
1672
5768
9864
9865
1676
9869
9872
1684
9877
9879
5790
9887
1699
1701
5797
9896
9900
9901
1709
1711
9906
1714
5816
1721
9914
9915
1735
9928
1737
9929
5834
9934
1743
5840
1748
1750
9945
1754
5853
5856
1761
5859
5867
9964
5869
9966
5871
1780
9972
5884
5886
9982
9983
5888
1793
5890
5891
9987
9988
9990
5896
1802
9997
5905
5906
1811
10009
5916
10012
10014
5919
1834
10027
5932
1837
10031
10032
5939
1844
5941
1847
5945
5946
10042
1851
5950
5951
5954
1858
10051
5958
1863
5963
1875
10067
5973
5974
1879
5975
5976
5983
1889
1892
5989
10086
1894
5992
1899
1904
1908
10103
10105
6011
1916
1922
6018
1923
6019
6021
10117
6022
6024
1930
1937
6034
6038
10135
1947
6047
10144
1953
6050
1957
10152
10153
6057
10156
10157
10162
10164
6069
10167
10170
10174
6078
10175
1983
10176
1987
10179
10183
1993
10186
10187
10190
10193
10195
10200
6105
6112
10210
6123
10219
2028
6126
6129
6130
2034
10228
6134
10233
10234
2042
2044
6147
6148
2053
6152
2059
10252
2060
10254
6160
10256
2065
6176
2085
2089
10282
6189
10289
6196
10292
2101
6199
6201
2110
10304
6212
2116
2117
6221
2125
10319
2128
6224
6225
6226
10322
2131
6228
2132
10325
2135
6234
6235
10333
2142
2147
10339
10342
2152
6250
2156
6254
2162
2163
6261
10365
2175
10370
6275
10374
10375
2184
10378
10382
6293
2203
2204
10400
2210
10402
10403
2211
6307
6308
2219
2224
2227
6325
10422
2232
6328
10425
10426
2235
6332
6333
2239
6335
6337
2242
10434
2245
6346
2251
10444
2253
2255
2259
2261
2265
10463
6369
6370
2276
10468
2280
6376
2282
6378
10474
2283
2287
2289
6387
2292
2293
10485
10489
10493
10494
10497
2305
6402
10498
6403
10502
6407
6410
10509
2318
6417
2321
6418
2325
6423
10521
6426
10523
2331
6434
10530
6437
6440
2344
2347
10540
2353
2355
6451
2358
2359
2360
2363
2365
2366
10562
6466
2371
6470
2377
6473
2378
2379
6476
6479
2384
10577
10580
2389
6485
6488
2397
10590
6495
6499
2403
6502
10598
10599
2408
10601
2409
6506
2418
10611
10613
6519
10617
6524
10620
10622
6533
10631
6537
2441
6538
10636
2446
6543
2454
10649
6553
10651
6557
2464
6561
10657
10660
10662
6567
10663
2472
10666
10669
2479
10671
6577
10673
2487
10679
10680
2490
2492
2494
10692
10695
6600
10701
6608
2512
10706
10708
2521
6618
6620
6625
6626
2530
2537
6638
10735
2544
10741
10743
6654
6655
10751
10753
10754
6662
10759
6666
6669
6670
10767
6672
2576
10775
6680
2591
6689
2593
6690
2595
10789
2601
2602
2604
6702
10799
10806
10812
2621
6718
6720
6723
6724
6725
2631
10823
2634
6731
6733
6734
10833
10841
10843
6748
10845
2654
10847
2655
10849
2658
2660
6756
2665
6763
10861
6766
10863
2671
10866
2676
6773
10870
10871
6776
2683
10878
10883
10886
6793
10892
10896
2707
6804
10901
10904
6810
10906
10912
10915
6820
10918
2726
2728
2730
6827
6829
6832
10929
6838
6840
6844
10944
10946
2760
6858
2762
10956
6861
6862
6865
10961
6868
2773
10966
10968
2776
6873
6875
10972
10973
2783
10976
2785
2787
10982
6886
10983
2796
10996
2804
10997
2806
6903
11002
6906
11004
2814
6910
2816
11014
11017
6922
11018
11023
6930
6934
11030
11032
2842
6939
2846
6944
11046
11047
2857
11050
6955
11051
2864
11057
6965
11062
2870
6971
6972
2879
2884
2885
11081
11086
6990
11087
6995
11093
6998
11095
7001
11098
7003
2908
2909
2911
7008
7015
11116
7020
2925
11118
2927
2928
2929
11125
2940
11134
7040
11137
2948
2949
7048
11148
2958
2961
2965
2968
11163
2972
2973
7071
7074
2982
7079
11176
7080
7082
7085
11181
7087
7088
11187
11190
3000
7097
3003
7101
11199
7107
7109
11205
3015
11210
3022
3024
3025
3026
11218
11221
11226
3038
7134
11231
3039
7137
11249
3065
3067
7170
7171
7173
7182
11279
7183
3091
7188
7190
11289
7196
3101
11294
7199
3106
3109
3110
3116
3118
11313
7223
7224
3129
11321
11322
7227
7231
7233
3140
7238
3149
7246
11346
11347
3155
11349
7255
11352
7262
3168
11362
3171
3172
3179
7275
11373
3181
11375
7280
7284
7285
3189
11381
3193
7291
11392
11393
7297
11394
7299
11396
7301
7302
7308
3212
11406
11407
7311
3215
7313
3217
7316
7318
7319
7321
11418
3229
11424
7331
7339
3244
3247
11442
7346
3250
7347
11443
3253
7350
7351
7356
11453
11454
7358
3264
11456
7361
11458
3266
3267
7365
7367
11465
11468
7373
11470
11473
11482
3291
7388
3294
11488
3297
3298
7394
7396
7398
11494
3303
7404
7405
7407
11504
7410
11511
7416
7417
3322
11516
3330
11522
3332
7429
11526
11527
3336
3337
11532
11534
7438
3342
11535
7440
11536
11537
7441
3345
3346
11539
7443
11540
11546
11548
3362
11556
11569
3378
11571
7475
11578
3387
7483
11581
3389
7492
7494
7495
7501
7504
3408
7505
3409
3410
11603
11608
3419
7516
7517
7519
7521
7523
11621
7526
3431
3432
11627
3436
3439
7535
11635
3444
7541
7542
7543
11641
11645
11646
3456
11648
11650
3459
3460
7557
7558
7562
11659
3468
11660
11665
7569
7571
7574
7575
7576
3481
3484
3485
7581
11679
11682
11692
11693
3504
11698
3507
11699
7604
7613
11710
3520
11715
7620
3525
7624
11722
7627
3534
11727
7632
11728
3540
11734
7640
3547
7643
7644
7645
11742
3551
3554
11748
7655
7656
7659
3566
3572
11767
11774
3584
3585
7681
11780
7685
7688
3592
7691
3596
3599
3601
7702
11799
3607
3611
11804
3613
11805
7713
7714
3621
11816
7723
7727
11824
11825
7731
11828
7733
3637
3638
7736
11838
7742
11840
3654
3659
7755
11855
11858
7763
3667
3670
3674
7780
11882
3695
7791
11887
11888
3698
7801
7802
11898
11907
11909
7814
7818
11924
3732
7830
11926
3736
11929
7834
3739
11932
11933
7837
11939
7843
11940
7847
3752
11944
3754
11947
3755
11949
3760
11953
3763
11960
11964
7871
3775
7873
7874
3781
11975
7880
11976
7882
7883
11982
11983
7888
11984
3793
7890
11987
11989
11990
3800
11997
12001
3810
12002
3813
3815
3816
7914
12011
7916
12013
7918
12016
7923
3829
12024
7929
3836
3838
3840
3841
3844
12041
3852
12045
3855
7958
12057
3866
7963
12059
3869
7966
12062
3874
7970
7977
3882
12074
12078
7982
7985
3890
12082
7987
3891
3893
7990
12086
7992
3898
3903
3906
12098
3907
12100
3909
12101
12105
12106
8012
3918
3919
3920
12117
12118
8026
3932
8029
8033
8035
12132
12133
12134
12135
8040
8041
8043
12139
3947
12140
8044
12141
3949
3952
12146
8053
8058
3968
3970
12162
3974
12167
3983
8079
12177
8082
8093
12190
8096
8099
4006
12198
12201
8107
12203
4012
8109
8112
12213
12214
4022
12218
8122
4029
4031
8133
4037
4038
12231
4040
8136
8138
12234
4043
12237
8142
8145
12241
8146
8147
12244
4054
8150
8151
4055
12252
4062
12254
8160
8163
8165
8166
8168
8169
4074
8173
12271
12272
4085
12278
8183
12279
8184
12281
8191
13
0
164
297
394
76
144
370
22
278
23
281
26
349
