749
2048
3072
2
5123
6147
5124
2053
3077
6149
1030
4102
7
1031
8
5128
1033
5130
1035
1036
2061
3087
6162
20
3094
1047
2073
3097
4122
29
2077
3103
4127
3104
2082
1059
6180
38
5158
2088
2090
1067
2095
3121
5169
3124
4148
3126
6199
1082
3130
5178
1084
2108
63
4159
66
3139
68
2116
6212
3142
2119
6215
4169
2122
4171
3148
2126
3153
6226
2132
4180
6228
1110
4183
88
6232
5209
4186
91
4189
5213
3167
1122
4194
5218
2151
4199
104
2158
6255
4208
6256
2164
5236
5238
119
5239
6263
2168
1145
2169
6265
3194
4218
5242
6266
6267
1148
4220
4221
126
4223
6272
3202
3204
4228
6276
2181
3206
1160
5256
6280
6283
5261
5266
1172
3222
2199
4247
3224
1177
3226
2206
4254
5278
6304
4258
5282
3235
6308
1189
6309
166
5286
1193
1194
2218
3242
173
1197
4272
6321
179
3251
1204
1206
2230
2231
5303
6327
184
6330
5307
4284
4285
5310
6335
1217
2243
3267
6339
196
1221
4295
200
5320
201
5321
2250
3275
1228
2254
207
208
2257
4305
3284
213
4309
214
3287
6360
5338
219
2270
227
6372
229
3301
3302
5350
1258
238
5360
5365
246
1271
5368
6392
251
3323
253
2302
2305
1282
2306
3331
260
6404
1285
2309
4357
5381
2310
263
5384
1290
2314
2315
5387
5390
271
4367
6418
276
2324
4375
2328
6427
3356
6428
286
1310
2335
5408
290
1314
6434
291
292
3364
6438
1320
2344
5419
1324
6445
303
1327
5423
4400
5424
6448
306
1330
2354
3378
6450
3379
5427
308
1333
3383
4407
316
5439
5440
2369
4418
5442
324
325
2373
328
4425
334
1359
2384
338
341
3413
1366
1369
347
4444
349
5470
354
1381
2406
3433
5482
1387
2412
365
2413
1391
2415
5491
1397
2422
4472
5497
1402
4474
3453
5501
4478
5502
4480
5504
3457
4487
3464
393
1417
4489
2447
3471
401
4498
3475
5523
1430
1432
2456
3480
3482
5531
413
1437
5533
5541
426
2474
436
5557
2486
4536
2493
446
4542
447
3522
452
455
4552
2505
5577
4554
1485
3533
4557
5583
4561
5585
4563
3542
1495
3544
473
4569
476
4573
3552
5601
482
484
4581
486
4583
488
2538
1515
2541
4590
3567
2545
2547
1524
2548
3573
2550
1529
2554
1531
2555
5627
4605
3582
5631
3584
3585
1538
2562
1540
5639
1544
521
524
1549
5645
3599
2576
3600
529
3602
3605
1561
4636
5660
541
2591
4640
5666
3619
548
4646
2600
554
1578
1579
1580
1584
561
565
566
3640
4665
572
3644
4670
5694
1600
3649
579
3654
3655
5704
5706
5707
1613
5709
594
2642
595
3667
3668
2645
599
2648
2651
2652
2655
608
1632
3680
3681
4706
612
1638
4715
1644
3693
3695
4719
3696
1649
2677
3702
1655
1658
5754
635
4731
636
2684
5756
3709
4734
3714
4739
644
4740
1669
3717
4742
4743
3721
4746
4747
4748
653
2702
5775
657
1681
4753
4754
5780
4757
667
1691
669
5789
670
4769
674
2722
5794
1699
676
5796
677
2727
5804
5805
2734
5806
3760
5809
3762
4790
696
701
2751
5823
5825
5826
2755
4803
3780
4807
2760
3788
721
5843
2773
3798
2775
4823
5848
1754
4826
5852
1757
735
736
737
3809
4838
2791
1768
5865
4842
5868
4845
2802
4850
2803
3827
756
2808
761
3835
4859
764
2814
768
4864
1793
3844
1797
4870
775
4874
1806
2830
5904
2833
4883
1812
4884
5908
4890
800
2850
803
4899
804
5924
1829
4902
5926
808
1832
2857
811
3883
4907
1837
814
2867
4915
5939
2869
5945
828
829
4925
2879
1856
5953
5954
1859
2885
1863
2887
3911
5959
844
5965
1870
3918
3919
1873
4945
4947
3924
5974
5975
1881
1882
4954
5979
3933
3934
3935
5983
5985
1890
2914
868
1892
5988
1895
3945
4969
875
2923
4971
1902
2927
4975
6000
883
884
2932
2933
1911
3959
4984
892
2940
3966
3968
6016
3969
1923
6020
2949
902
1926
2950
1929
6028
1933
1935
2959
5011
6035
5013
3990
6039
5016
1946
6044
5021
6045
1953
2980
2985
940
5039
5040
1972
5044
2998
2999
6071
1980
4030
6078
1984
4034
6084
3014
5062
4043
4045
6096
5075
981
3030
4054
984
986
2010
4060
5084
2015
3042
2020
3050
4076
4077
4078
3055
4081
6129
2035
6131
4084
6132
4085
2039
4090
3067
3
99
85
57
