190
0
512
1280
769
2
1027
1283
5
1541
1286
1801
269
1807
1040
1296
785
2067
20
1814
1559
2075
28
285
1311
1823
801
1825
546
802
1314
35
1571
2083
1828
2084
1830
41
809
1321
1834
43
299
1835
1581
558
303
304
2096
51
1075
2099
1589
571
575
1344
1856
2112
1090
1093
583
1608
1097
331
588
845
2125
2126
1871
336
2128
1361
82
338
1874
83
853
1365
2136
1884
1373
2141
1119
1887
2143
96
352
608
609
865
354
1122
868
1124
2148
2150
1640
1385
874
365
1133
1645
1392
2160
1395
1652
125
381
1405
1406
639
640
1152
385
1154
1922
1156
650
1167
1936
146
658
661
917
407
409
1689
154
414
671
164
420
165
1703
1707
1963
1453
430
942
1967
1458
1204
185
186
1978
187
1212
1980
1469
190
1727
705
707
1989
1735
712
1224
201
1481
970
1484
464
2001
2003
1492
1237
1239
472
217
1498
227
486
1255
1767
232
1512
233
1513
746
1770
1516
1264
755
501
1269
246
2038
760
1530
1790
2046
11
85
101
134
8
43
59
75
46
31
111
159
