4281
32769
24579
16387
24580
32772
4
32775
16391
24584
8200
9
11
24590
14
32783
32784
16
16403
8213
32789
8215
32794
16416
8226
32803
8227
32805
37
38
32808
8235
8236
24622
8240
49
8243
51
16438
56
32824
16441
8253
61
8254
32831
24641
24645
32838
72
73
24649
32842
24651
24654
8270
8272
16467
24660
24662
86
24663
32858
8285
94
8287
32863
16479
8288
32865
8291
16485
32871
24679
104
32873
24684
8301
113
16500
118
8311
8312
8313
32897
24707
8325
8327
8334
144
147
148
149
32917
32920
24730
16538
24733
8350
32929
162
170
24747
32939
173
16560
177
24754
32948
190
8382
16574
32961
8386
16579
195
8388
16582
8390
32967
203
24779
8397
16592
24787
16597
8406
16598
16603
24796
221
8413
223
16609
24804
8422
24807
16616
33002
24813
33009
16628
245
16629
24823
8440
8441
33019
33022
8447
16639
24832
16641
8450
8451
260
24836
8453
33032
16650
267
24845
16654
8463
272
282
8475
24862
8479
8480
8484
297
16682
8493
8499
24889
313
8507
33088
8512
24896
321
8515
24901
333
33101
24910
335
336
8535
347
33116
33118
33119
8550
8551
24937
33129
33130
24938
24941
16753
369
16761
379
16765
8573
8576
16769
8578
8584
8586
24972
16785
24984
33181
8606
418
8611
16807
33192
33193
425
427
33196
429
434
436
25016
16824
25027
454
8648
461
462
463
33231
33232
25043
16852
33237
8665
33241
25050
33243
25051
8668
477
33247
25059
8675
486
25063
25064
33257
489
16873
8689
25073
33266
33267
8695
25080
504
8699
16896
25089
8705
25090
516
518
8711
8712
520
33295
16912
16913
8721
25106
16914
16916
8725
8728
537
16924
8734
25119
33317
8742
16934
33319
16936
25128
555
16940
8749
16941
558
25135
8751
16946
8755
563
33340
573
575
8768
577
8771
25156
25159
588
16974
16975
33361
8787
599
16985
601
25180
33373
25181
16990
16992
33376
16993
25185
33379
615
16999
8807
33384
25193
33387
620
622
25198
625
8821
631
632
633
8826
17020
8829
33407
17023
33408
8832
17026
33410
33411
25221
8837
33414
8839
17032
650
651
17036
33420
25228
33421
8846
8849
33426
33428
8856
17049
33433
17054
8864
672
673
674
8866
675
33444
679
8871
8873
33450
17066
8875
25260
8881
33459
8883
17081
17082
25275
25276
8895
704
705
706
25283
709
8908
33485
17103
8913
8914
25306
8922
33501
33502
25317
743
33511
8936
33513
33514
33515
17133
33520
8944
8947
33523
17140
8955
763
25340
764
8959
768
25345
8962
25350
777
25356
17164
17165
782
33551
8975
783
25364
8980
25365
17174
33559
25368
793
33564
8988
8991
17184
33570
25379
8997
17190
808
17196
17197
9010
25395
33588
821
822
17207
824
17211
9021
33599
17218
9028
25413
33606
17222
25415
17224
840
841
33611
9035
846
17231
849
17234
850
9044
853
9046
25432
9051
33629
33632
33633
17249
17250
9058
33637
9063
9064
25451
9069
25454
879
9073
9074
25459
17267
33653
25461
17272
25465
33657
890
17276
17277
893
897
33668
25477
901
902
25478
17286
25482
33676
17294
33679
25489
25491
17299
25492
9110
17304
25498
9115
9116
25500
9123
17318
17322
939
33711
943
17330
25524
33716
17332
17333
9142
950
33723
33724
17342
9150
25534
33727
17347
25541
9157
966
33738
9171
17364
25557
17366
25564
9181
989
17373
25565
990
991
9186
17379
25572
1002
33770
9195
25580
33772
33774
17391
17392
9201
33777
25586
25588
17396
9205
33781
1017
9211
1019
17405
1022
17408
1026
9219
33797
9224
25608
9226
1034
17419
33804
25613
17422
9232
1042
9239
1049
1050
9242
1051
17436
25633
9253
17446
17447
25640
1064
1067
9259
9260
1069
25646
17454
33845
9270
1079
1080
25659
1083
17467
1085
33857
17478
25673
9290
1099
9292
17489
25685
33879
17495
1111
33881
1115
1116
33886
17504
9313
1122
1123
1125
33895
1127
17511
17514
17515
17516
1133
33901
1134
1136
17521
17522
25718
33911
9337
1149
25726
25727
33920
33921
25736
17548
9356
25741
33937
9364
33940
1174
33947
25755
9376
25761
33954
9383
9384
1192
9385
17581
17584
9392
9393
25779
33973
1206
33974
33975
1210
9405
1213
17598
9408
25793
17601
17602
9413
17606
9415
1227
25804
33997
33998
1230
25809
34001
34002
9427
9429
34007
17624
25818
34012
9436
17629
25822
34014
17631
1248
25827
9444
1252
1253
25829
1254
17638
34023
9448
1256
9449
9453
34033
1265
17651
9461
25845
34039
17658
9472
34050
25862
9478
9479
1288
25865
17675
34061
25872
34067
9491
25876
9493
25878
34071
25879
17689
9497
9499
17692
9502
17695
1312
17697
9507
17699
1316
17701
34087
17703
25897
9513
34089
34093
9521
34099
9523
34102
9526
17719
1340
1342
25918
17727
34111
25920
34112
34116
34117
25927
25928
17736
17738
25932
9549
17741
34130
34131
17749
17751
9560
34137
25946
34141
34142
1379
9577
34154
9582
17781
34166
1398
25975
9594
9595
17788
34177
1409
25986
17796
9607
17801
1418
9612
9615
9616
9617
1428
34196
34198
34200
17819
26018
34213
34215
26023
1448
1449
17835
1451
9645
26031
9650
1462
1466
1471
9668
17860
17865
9674
1485
17870
26062
9682
26066
26071
9688
34264
9692
1503
9699
26086
9704
9706
26092
34285
34287
26096
17904
34291
9716
9718
17911
1529
26110
9727
34306
1539
34309
17929
17930
26122
1547
17932
26125
17937
34327
26135
26137
1561
17945
34334
17953
34340
34342
34343
17960
1576
26157
26162
26163
17977
17979
9788
17980
1598
9790
1599
34369
1603
34371
17991
34376
17993
9802
17997
9805
26192
1619
1621
1622
26202
34394
1627
18011
34397
9821
34398
9822
26207
18015
1632
34401
18017
26209
34402
1635
9827
34404
18021
34407
9832
9833
18026
26220
26227
26229
18037
1653
1657
34427
9852
18045
9858
9859
18053
1670
1675
18059
1677
34446
1680
1681
34450
18067
26260
18068
18072
9883
1692
9886
18083
18084
18088
9896
26280
1708
34478
9908
1716
1718
18102
34487
26297
1721
26298
9919
26305
34498
9923
9926
18118
9928
26315
26316
34510
9936
18129
9939
34516
1749
9941
9942
18137
9945
9947
34523
34525
18142
1759
26336
18146
34530
18151
26344
34536
1769
9963
34544
9971
1779
18164
1782
34552
18174
34558
34561
18178
1795
18182
1798
1801
1803
26384
10002
34582
26394
26395
34590
10023
1832
10026
34603
10028
18221
26415
18224
18225
10036
1845
26423
1848
1850
1851
26430
26437
1861
34630
10055
10061
10063
1876
18261
1877
1885
18269
26465
10082
34661
34662
1896
18281
34670
26478
10095
34672
10098
26483
26485
34684
18304
1920
34689
10113
34691
1923
26503
1928
10122
1934
34703
18321
34707
26517
26519
26522
34715
34716
18334
1952
26529
34723
10148
1956
34726
34727
10151
18345
34731
1966
26542
34736
34739
18356
1973
1975
18359
18360
1978
1979
10171
18372
34761
10186
18378
1994
34764
34768
18385
2002
26582
2008
2009
26585
10204
26588
10205
34781
18400
10209
34787
34789
26597
10218
34801
18417
18418
10227
18420
34805
34806
18422
10234
26619
10238
34814
18431
26624
2051
26629
10249
2057
26634
26636
34830
26639
18453
18454
2072
18458
10268
18463
34850
34852
18471
26663
18474
34858
10283
18476
2094
26671
2099
10292
2100
26683
2111
18501
2118
2119
10311
18508
10316
18509
26703
26705
34901
18517
10327
2137
10330
26720
26722
34914
2148
10340
2150
26727
18536
26729
10345
2156
2158
2160
18545
34929
10354
18551
26743
2167
2171
34941
18559
18562
18569
10377
26762
18572
34957
2192
18578
34964
2197
18583
10395
26780
18588
2205
18590
2209
10401
26787
2211
26789
34984
18601
26794
18603
34992
10417
2225
26801
26802
26806
35002
35003
26812
18621
10429
2240
10432
10434
18628
26821
26822
2247
26824
35016
18635
2254
35022
35026
18643
2260
10453
10455
35035
2267
10461
35038
18655
26848
2279
35048
2282
18667
10478
2286
18670
10481
18674
10486
2294
18679
35064
26872
10489
10490
35068
35071
2305
2308
26886
26887
2312
35080
18697
2314
26892
18701
18702
2320
18707
26900
10519
26903
10520
35098
26906
10524
18716
2333
35106
2343
35114
2351
10544
18737
26929
10547
18740
35125
26934
18746
10555
26942
18750
26943
10560
18754
2370
18755
18756
26949
10567
2376
10568
2377
26955
10572
18764
10573
18766
35150
2385
26962
2387
10580
35157
2390
26974
26978
26979
18788
26983
35176
18793
2413
18800
18806
35192
10617
27001
2425
2427
10621
35198
35199
2433
2434
27010
18818
10627
2437
27015
18828
10638
2447
35216
10642
18834
2451
35219
10644
35220
2453
2454
27030
10649
35225
18842
35226
27035
2460
10655
2465
18850
10659
35236
10660
35237
27045
10665
27050
10669
10673
18867
10677
27062
18870
27064
18873
27066
35259
2492
35262
18879
2497
18881
2498
10693
27078
2503
2504
35273
18889
35274
27082
27084
18892
10708
10710
2518
27094
27098
27099
10718
10719
10722
35300
10728
27114
18923
2541
10733
35310
10734
35313
27121
35316
10744
18937
10747
2556
2559
35328
2562
27138
35331
18951
35336
27146
10762
18957
27150
35342
27151
18965
10775
27160
18971
10780
2591
10786
10788
10789
10790
18983
35368
27177
18985
10794
18987
35375
27184
10803
10813
19009
10817
35398
35402
10827
19022
35407
27215
2640
19024
27219
19028
10839
2648
27229
10854
27240
19051
35436
27246
10863
35443
10867
19059
10869
35446
2683
2684
10879
19076
19077
10885
2698
35470
10896
27282
10901
35477
2710
10904
2712
35481
2715
19099
19100
27293
10910
2723
10916
35494
27302
2726
27303
10924
35500
2732
2736
27314
19122
19125
2741
10934
35510
10936
27323
27325
10942
2751
27331
27332
27333
10949
35525
27334
10952
27337
19145
35530
2767
35536
2774
10973
19169
2786
2788
35557
10982
10983
10984
2792
27368
10985
19178
2794
2798
2801
27380
2805
27384
2808
35578
35579
11006
19198
2814
35583
11008
11015
19208
11017
19212
27405
19214
19215
11024
27409
35604
19222
35607
27419
35611
11037
11038
19232
2849
11042
19235
11044
11046
35622
2855
27431
2859
2862
27438
19246
2863
35638
2874
11067
2875
2876
11069
11071
19267
19268
2885
19272
2892
19277
11086
27470
2897
27474
35671
35675
2909
2913
27490
19299
11111
11112
27497
35689
19308
2926
11120
19312
11121
35697
35699
27510
19318
2935
2936
35704
11128
11129
11131
35708
27520
2944
11136
19329
35716
11142
35720
27529
35723
2955
11150
19343
2960
2962
27539
35732
2964
27544
35738
11163
2973
11167
27556
19365
35750
35754
11180
27564
35759
19376
2995
35765
11191
27580
3011
35781
11206
27592
11211
11212
3022
27599
3025
27606
3030
19415
11224
3032
27608
3035
11229
27614
19423
35810
27618
3043
3044
3046
27622
3047
3050
27627
27630
27634
3060
35829
3063
19448
35832
27640
27642
35835
3067
35841
35843
19460
19461
3077
3079
11274
11277
35853
3088
27665
19474
35858
11283
35861
35862
35864
27673
11290
11305
3116
27692
11309
11312
35889
27700
35895
35897
3133
3135
19524
11334
19528
11336
3149
35919
19536
3154
11346
19540
3160
19547
35932
19548
27742
19551
27743
11361
27747
19555
11364
35940
27748
19559
35943
3175
11369
35949
11377
3185
19574
35962
19578
11389
27775
3200
11393
3201
27780
3208
19594
35980
3212
11405
19599
27794
3218
27796
11412
3222
27799
27800
11418
35995
3229
11422
35998
11425
36002
36005
11431
27816
19625
3243
19630
36014
19632
36018
27827
11444
11445
36024
11449
27835
36028
11455
36032
19650
36034
19654
3270
36039
3271
19656
36042
27852
36045
11469
27853
19662
36046
3281
11474
27859
27862
3287
27864
19673
19674
36060
27870
36063
11490
11491
27878
3306
27882
36075
27884
3308
19693
3309
36081
3315
27891
3318
36086
11512
36088
3323
11520
36097
27906
27912
3336
27915
19723
3339
27916
11532
3342
11539
27923
36116
27925
3349
27927
27929
3357
27936
19747
11556
27941
11558
11560
19752
19754
27946
11563
19758
3376
36145
11570
36146
19764
27957
27958
19769
11577
19770
27962
19772
19775
36160
3393
27969
11586
11587
19779
3396
3398
19784
11592
11594
27978
36172
36173
19789
27983
19792
36177
27986
3417
19802
36188
3420
36189
27998
36194
11618
36195
11619
28004
19824
3443
19830
11646
3454
19841
3457
19843
36228
11655
36231
11657
11658
28043
3467
3469
3470
36239
3474
28050
19858
11668
19861
3478
36251
11677
19870
3488
36257
11682
28071
11688
11692
11693
19885
3503
19888
3504
3506
19891
36275
28086
36280
28091
36285
3518
19903
3519
19904
11713
3522
11722
28107
36300
19917
19920
28117
19927
19928
36316
28124
19934
11743
36319
3551
19941
28140
28143
19951
28144
11760
3569
3570
11766
28150
28152
36344
28153
36347
11771
19964
19967
36360
36363
19979
11793
28177
3603
11796
36373
28181
19990
28182
3606
11802
3611
36379
11804
28190
11806
28194
11815
3624
11820
3637
20023
28215
36411
3647
20031
36419
11848
20042
20043
3659
11851
28238
11855
11861
36438
11862
11863
3676
36445
3678
20064
3681
28264
11880
3689
11886
36463
3698
36467
36469
28278
20086
36472
20088
3706
36475
20091
28288
3713
20097
3714
3716
20104
36488
3721
36490
28301
20110
36495
20111
3728
28306
20117
36509
11933
36510
3742
20127
36514
20132
11946
28330
11947
36523
36525
20142
11951
11954
20147
3766
36535
36536
20153
11961
11962
20155
3776
11969
36547
3784
36553
28362
3787
36555
11980
20175
20176
11987
11988
36566
28374
36570
11994
20191
36575
20193
3810
3811
12005
36583
36587
20205
20209
28401
20210
28402
20212
3830
3832
36600
12025
28413
12029
3837
3840
36609
36610
28419
36613
28424
28426
3851
3857
3858
28434
3859
12054
20247
12056
36632
28441
12059
28444
28447
20256
20257
36642
36647
36650
3882
36655
20275
3893
3894
36662
36664
12089
36666
28474
36668
20287
3903
3904
3906
3908
28487
3911
28488
3913
12112
3922
12114
20309
36694
28504
28506
20315
3932
36701
28510
12128
3937
20324
20326
12135
12136
3945
12138
3949
20333
3950
28531
20340
20342
28535
36729
3961
12154
12156
20349
3966
12158
20351
3967
28544
3968
12161
36739
3975
12167
36745
20363
12171
28556
3981
36750
36753
36758
12184
20377
28571
3998
20384
20386
20388
28584
4010
12203
4011
28588
20397
12206
20399
20400
4018
20403
28597
20406
28602
36795
20413
28606
36799
36802
12228
36804
36806
4040
28617
12233
36809
36812
4044
12238
36816
28625
36820
28629
4056
28634
12254
36831
20448
4068
36837
12262
12263
12264
12265
4073
4075
12273
12277
4085
4087
12280
12286
28673
28676
20485
36869
28678
12297
12298
4107
12300
20495
28687
4112
20496
36885
12311
12312
20506
12317
36896
28705
28713
12330
4139
36909
4141
28718
36912
4145
36915
4147
20533
4149
28726
28727
20538
28734
36927
4161
12358
12362
20558
4175
12368
36946
4182
36950
20568
36954
28767
12385
36963
20584
12392
28777
36969
20586
4202
12394
20591
28786
12403
4215
28792
28793
12409
28796
36989
12414
12419
12420
20613
20614
20618
28812
4237
12432
12433
28822
37016
4253
28829
28832
12449
12450
37029
28837
12454
37031
37032
4266
12459
28843
4269
4270
20655
12463
28849
12466
28851
4276
20664
12472
4282
37051
20669
12477
28861
4285
28863
20672
20673
37057
20679
4299
37067
28876
28877
37069
4302
20686
37071
12499
20692
12502
37080
12508
12514
28899
28900
37094
37095
37096
28904
4329
37101
12526
12530
4340
12532
4341
12533
20726
4350
12543
4358
12550
28935
4362
12555
20748
12556
12558
4370
20755
37143
12567
37144
12572
28958
12577
37155
28966
4394
28971
20781
37167
4399
37168
20784
12593
28978
20787
37172
37173
12598
4407
4409
37178
12602
37182
37183
37184
28994
20802
12613
29000
12617
12618
29003
4428
4429
4430
20814
37200
4434
29014
4438
37206
29017
20828
12636
37213
4445
37216
20836
4454
12646
4455
4456
12649
4457
20842
4459
29039
12658
4468
37236
4469
29046
37238
12663
12664
4474
29052
29053
4478
20863
20865
29067
37264
12688
12689
37269
37272
37274
20890
4508
4509
29085
20894
4514
37282
37283
29093
20904
4521
4525
4527
12721
37298
29106
29108
29109
20919
37303
12729
20927
20928
20929
4548
29125
37317
20934
37320
37327
4565
12758
37334
37338
29146
20954
4575
37344
29152
4576
4578
20963
20964
20969
20975
4593
12785
29171
12788
29174
20982
37367
12792
37368
37369
12793
12795
20988
29185
4609
20994
4611
20998
29191
37386
12810
21005
29201
37394
29209
4635
12828
29213
4637
21027
37411
21028
21030
12839
37416
12842
29228
4652
21037
29230
12848
37425
21042
12853
29240
12860
4668
12861
12862
29246
12864
12865
12866
21061
4678
21062
12871
21064
37451
29259
37452
4684
29262
21071
29263
12880
4691
37459
21076
4692
21078
37463
29272
4698
21083
12894
4704
12897
37474
4708
29287
37479
29288
4712
37482
12906
21102
12911
21104
12912
12913
37492
4726
4728
29306
21119
12930
4738
29314
29320
37517
37519
12946
29330
37523
12947
21140
12949
37525
21142
12952
21145
37533
12957
4766
12962
4770
21156
21158
12968
29352
4777
29354
37548
29356
29357
21168
37553
37555
4787
21172
21175
12987
37564
12989
29374
29375
4800
37568
12996
12997
37573
29385
13002
29387
4815
37584
29394
4819
21206
37591
13018
37597
29408
21217
29410
29411
37610
4842
29421
21230
4847
29424
29430
4857
29433
21242
21243
4859
21247
21248
37633
29444
21255
21260
4877
29457
37650
21270
21272
29468
4895
13088
21283
37669
13095
13099
21293
4911
21295
21297
4914
21306
37694
29509
29513
13134
29520
4946
37716
4952
29530
4956
4958
29535
29540
4965
37735
29543
13160
21352
13162
4973
29550
29552
21360
21361
29553
4980
21365
4983
37752
4986
21370
13179
13180
37758
29567
37759
4991
13184
13185
37761
21381
37766
13191
29578
21390
21391
13200
21393
37780
13205
29590
37784
29595
5019
13212
21406
5023
37794
29603
37796
13222
37800
37802
5034
37803
13228
37805
13232
5042
37812
13237
29623
29626
21435
13243
37819
5052
29629
29631
21442
21445
5063
13259
5070
13262
13264
37842
13267
21460
37844
37846
37849
13273
5082
13274
13276
29665
13283
21479
13290
37866
21483
13292
29677
13296
37872
29680
13298
5107
29683
21494
13303
13305
21498
37883
13307
37886
29696
5124
5125
13317
29703
13320
37901
13325
13326
5137
37906
13331
37907
29715
29716
5140
13335
21535
37920
37922
13348
37926
13351
29741
13358
13359
29745
5170
5173
29749
29752
37945
21561
37946
29757
21567
13379
5190
29771
37965
5198
37967
21583
37968
21585
37981
21599
37983
29792
5216
5221
29798
21608
13416
21609
5226
29803
13422
29808
29811
5235
5237
29813
21624
21626
21627
38015
29823
38019
13445
29831
29832
38030
38034
29842
13459
38042
21662
13470
38049
29861
21671
13485
21678
5296
29873
21682
29876
29878
21688
21691
13502
5315
13508
38087
21705
5323
38094
29903
38096
13521
5329
5333
21717
21720
21722
38107
21724
29917
13537
38116
13542
13543
13550
38126
21744
5365
5366
29942
38136
21754
13565
13566
5375
29956
5383
38152
13577
38154
5387
5388
21774
38162
38163
5397
29974
13596
5407
29983
21791
38176
13603
5415
38185
5417
29995
21804
5421
13617
30005
13621
5431
13628
5438
21822
5442
30020
5444
13641
13643
13646
13648
13650
30035
5460
13653
13657
13659
21851
21853
21854
30047
30049
30051
21860
30053
5477
21862
13672
21864
30058
21866
21867
30063
13680
21872
30072
5498
13691
30075
21884
21890
5506
13699
30083
30085
21900
5516
21902
21906
30102
5527
13721
21915
5533
21919
30112
21928
13737
30129
13749
30136
30139
13756
30141
30142
5566
13758
13761
30147
5582
21967
30159
21973
30169
30170
5596
30173
30177
5602
21990
5611
21996
13807
5618
30200
22009
5627
13825
5639
5640
22024
13834
30224
22032
13841
5650
13842
22034
30228
13845
13847
13848
22042
5660
22045
22047
30243
22053
30251
22061
22063
30257
5681
5683
22071
5690
22074
5691
13883
22076
5698
30277
5702
30279
13896
13898
13901
22095
5713
22103
30297
5723
30303
22112
30304
30309
30310
13928
22124
22129
30322
13940
5751
13943
22136
5756
22140
22141
30334
30335
13953
13956
22150
30343
5774
13967
5777
22164
22167
5786
13978
22170
30365
5791
30368
30369
30370
13986
5795
13987
22198
30392
22208
14018
30408
5834
14028
14031
22225
30419
5844
22228
30424
14040
14043
14046
5856
14048
14050
22242
14052
22245
30438
14055
22249
30441
5866
22257
5876
14069
14074
5884
22272
14085
30474
5898
5899
5900
30478
22286
5908
22295
5911
5912
22300
22309
14117
30507
14137
5947
14140
5957
30533
14149
30539
30540
22356
30549
30550
22358
14167
30553
22362
22364
14173
22367
30568
30569
14186
22379
22384
14192
30579
30583
14201
6011
14213
22407
6027
30606
6030
22415
22417
22419
30617
30626
14243
22439
6056
30634
6065
14258
6066
22452
14260
6070
22460
6077
14274
30661
30663
22472
22475
6091
30669
22478
30671
30673
14289
6098
22483
22484
14298
14301
6113
22498
22501
22502
6124
6129
22517
30712
22520
22521
6139
22524
14334
6142
30719
14337
14339
6150
14348
14350
22544
6161
6162
30738
30739
6164
22554
22558
6175
30752
14369
6177
22561
14371
14372
14374
6182
14376
22572
30764
6193
30770
22578
6196
22580
14389
14392
14398
22591
30785
6211
14404
14405
30790
22598
30792
6224
6225
22609
30802
14419
22613
14422
30816
14433
30821
14437
6256
6260
22646
6262
6269
22654
30850
22660
14473
30860
30861
22671
22673
14481
22675
14485
22678
14487
22685
6301
14494
30879
6310
6311
22696
6313
14506
22700
6317
22701
14510
6322
14518
22713
14522
30915
14533
22727
14535
22731
6351
22737
30930
30932
22741
6361
30939
6363
30940
14556
6366
14561
14562
22756
22758
14566
6375
30951
6376
22763
14572
6381
30959
14577
30963
6389
30975
30980
14598
6407
30983
6410
30989
14605
6414
14606
30990
6415
30993
6417
31001
31002
6426
22811
14620
31005
6434
14628
14629
14638
22832
31024
6448
14641
6449
31026
31027
14645
31031
6456
14650
31034
6458
31035
14651
22846
6469
22854
22857
6476
14669
22865
6488
6489
14686
6496
31073
6500
31077
14693
14698
22893
14701
31087
14704
31088
22896
6518
22907
31100
6531
6532
22926
31119
31120
22928
14737
22931
31135
22943
22944
31142
22953
22957
6573
6575
14769
14771
31160
22970
6586
6587
31163
14782
22974
22975
14786
6594
22979
22987
22988
31186
6614
31192
6620
23007
6626
14819
6627
6629
6634
6638
23023
31216
31219
6646
23035
23036
31234
31237
31241
14860
23057
6682
31259
31261
6685
23070
23079
6700
14902
31288
23099
23101
14909
31294
31295
6720
31301
6726
6730
14922
23125
6745
6748
31324
6749
31326
14946
31333
14950
14951
31336
6760
6762
31338
31340
14957
14961
23156
14971
14973
6787
6788
31366
31367
6794
31373
6798
14993
14998
6807
6810
31388
23197
6814
23199
6819
15011
31397
31401
15018
6829
31410
31415
6841
6842
15034
6851
15043
15044
6853
31429
31430
15048
15049
15050
31442
23250
6867
15059
15062
31446
15065
6873
31452
15069
6877
31453
6878
23264
15073
31459
6885
31464
31466
31467
31468
31469
15086
15088
31475
15095
31479
23287
31485
23293
15103
31489
6914
6924
23309
23316
6932
6939
15133
23329
23330
23331
23334
23335
23337
15145
15147
31531
23343
15152
6960
31537
15153
15157
23353
6970
31547
31550
31551
23361
6977
15171
6982
23370
31562
15178
15180
6989
23374
31570
23378
15186
15192
31577
15194
23386
31582
7007
23392
31586
15214
7023
23409
15219
7028
7030
31609
31611
15229
23422
31616
31618
15239
7047
7051
23437
7054
7055
31631
23440
31634
31637
7061
15254
7063
31640
15256
31641
7066
15261
7069
15264
23456
7073
7075
31652
31655
7080
23470
31662
23471
15280
31665
15284
31668
31669
7100
7104
31685
23493
15303
31687
31688
7113
31691
31692
15309
7118
7122
7123
15326
23518
31710
23519
23522
7138
7139
15334
15335
15336
31725
15344
7154
31730
7164
15363
31749
23557
7177
31755
15374
31760
15379
31763
31766
7194
23578
23579
31773
7198
15391
31775
31776
31777
7203
31781
7211
23596
31789
23599
23600
31794
15417
31807
15424
15426
7240
7249
23638
15448
23643
7261
15454
23650
7271
23655
23657
15467
31852
23661
15469
7279
23664
31860
7286
31865
15481
15482
15493
31880
31882
23697
7316
7318
31898
15519
31904
7329
23715
31912
7336
7340
15533
7343
15537
7347
15539
31924
15541
23734
15542
15545
7356
31934
23743
31937
7364
7366
23755
31954
7382
15574
31959
7384
15576
23769
23774
23775
15589
15593
23792
15600
7409
15601
31990
15607
7425
15617
23812
32007
15635
7447
7451
32032
15648
15651
32035
32036
23844
32037
23849
23850
15661
15667
32052
7479
23865
15673
7482
32059
15677
32069
7493
7494
23883
32078
23887
15697
23891
15707
23900
32093
15714
15716
7525
15718
23912
15724
15727
15729
23926
7544
23929
15738
15740
32130
15746
32138
7563
7565
7572
15766
7579
23964
23966
32164
7595
7596
32177
7601
23988
32185
23997
7619
15811
24004
7621
15814
32203
15822
15823
24018
7634
24019
7635
32219
24029
32221
7648
7651
15845
7653
15848
24041
15850
24045
32248
15865
15866
24059
32252
24064
32256
24069
7686
24078
15887
15895
24088
32283
15902
24097
32290
15908
24115
15923
32309
15927
32313
32316
24127
7747
32324
24133
7754
24138
32332
7756
7758
7760
15952
32341
24150
7770
15963
32348
32349
7774
15967
24159
24161
7777
15970
32354
7779
24167
7784
15977
7788
32364
24173
7793
32373
32374
15990
24182
32378
15995
7803
7804
24189
24190
32382
7810
24195
32393
32398
32399
16016
24208
7826
7827
7828
16023
16028
24221
16030
7843
24234
7851
16044
32428
24239
16049
24241
32433
7858
16050
16052
24246
16057
7869
16064
24258
32450
16069
32454
7879
24267
16076
24270
7887
16080
16082
24274
16085
7898
32474
24287
24294
16104
7913
32490
32492
7917
24306
16116
24308
24309
16119
16123
32509
7933
32510
16132
32517
16135
7946
32523
7950
7955
24344
16152
7961
7964
32541
16158
7968
7973
7975
7977
7979
24365
16185
24383
7999
24384
8002
8004
24388
16197
24390
16201
24394
32586
32588
8012
24400
32595
24404
16213
16214
8025
24409
16219
16220
16224
8033
8035
24424
8041
16235
24428
24430
32624
24433
32626
8050
16247
16248
8058
24444
32638
8067
32646
8070
8071
32648
8075
32653
32661
32667
16286
24480
24482
32674
16292
32677
16303
24496
24499
24507
32699
16316
8125
16323
32708
8133
24517
32719
24529
32725
32728
16345
16346
8154
16347
24539
24544
24545
32743
32747
8173
32749
8176
8181
16375
24568
24573
8191
6
448
20
469
365
175
383
