1082
14337
2
10242
14338
14339
4
8196
10246
10247
12295
8200
10
14347
2062
10257
4114
10263
4120
26
8219
10267
6172
14366
6175
12320
33
35
36
12326
10282
45
14381
14384
50
4147
52
4149
4152
10296
8250
2108
2110
14398
6211
14406
2119
14408
8265
10315
77
2125
6222
8271
4177
82
10323
12373
8278
2137
10329
12377
8285
4192
6242
99
4198
8295
107
14444
110
6254
4207
12400
12403
6260
8308
4213
8309
10359
12407
6264
14456
6268
4221
6272
12416
12419
2180
2183
12428
14476
2189
142
4238
10382
146
12434
2195
6291
2200
8346
8349
159
2207
10402
10404
14500
165
2213
2216
6314
171
4267
10412
14510
10417
8371
6326
2234
4282
189
2237
10431
193
2241
196
4292
12484
10438
201
14537
6346
14541
12494
2255
6351
8400
12496
4310
12502
4312
12504
14560
10465
10466
14563
12517
8422
14566
12519
14570
10475
14572
6383
10479
10483
6389
12534
6392
6393
10489
12537
14585
8443
6396
6397
14589
2302
6403
10499
8453
14597
12550
8455
12552
14602
4367
10511
14610
2325
6421
4374
2327
4375
12567
14618
4380
10524
10525
10527
12575
6435
12579
12580
10533
14631
4392
301
2349
303
6447
6448
4403
10547
4404
8502
314
318
6466
2374
12614
327
12619
335
338
4437
10581
4441
6493
14686
10591
6496
8546
356
8548
12645
359
360
14697
6507
4460
366
10609
371
6517
12661
12663
4472
2425
8572
383
6527
10627
12675
8581
6536
393
12682
14731
2445
6541
14733
12686
403
6547
14739
6552
10649
10651
12699
10654
6561
2468
12709
8614
426
8618
4524
10669
8623
14767
12722
6581
4534
14776
2490
8634
4539
445
2495
10690
10691
10692
4552
8648
457
8653
2527
2530
12770
6630
12776
2537
14826
8686
4593
500
10740
10745
506
10751
12799
12802
6661
518
6665
4622
8718
527
4625
14865
4628
10772
12822
8728
8729
14873
6683
10782
10784
545
6691
6693
8743
2600
8745
14889
14893
8751
2609
14898
8755
565
8761
14905
10815
4674
10818
14915
4676
10820
581
4679
2632
10824
585
8777
2634
10826
587
4684
12876
14926
8783
4691
14933
10840
14936
4699
8796
8798
10846
2656
2657
14946
12900
14948
8806
615
12903
2664
12904
12906
2667
8811
12910
6778
4733
12926
4736
2694
10888
651
12940
653
12942
4752
659
2708
4756
8852
10901
662
6806
8858
6814
12960
2723
4771
12963
6820
8870
10918
4779
2733
2734
8878
12974
8881
6834
8883
4790
12982
2743
8888
702
12991
2752
706
4803
2756
709
8901
710
8902
2760
10952
4810
8908
719
4815
8912
8913
10963
13014
6876
4829
10973
4833
2793
6890
13034
752
8947
756
8951
13047
764
2813
11005
2816
6913
8961
8965
4875
11019
4879
4880
13076
4887
11031
6939
6940
8990
11039
11043
2861
9006
9008
819
821
2870
823
9015
9016
825
11065
827
829
4926
9022
9026
836
4942
13136
850
851
9045
854
4950
9046
2904
7000
858
4954
9050
859
7003
11103
2915
9062
13161
7020
2927
9075
13171
11134
895
7039
9089
11138
900
2948
2950
7046
11142
907
11147
11148
13197
11150
5009
13201
11154
7059
7061
921
9116
2973
2974
9121
5027
9126
7079
11175
2985
11177
11180
7086
7088
945
2994
949
9142
11191
5048
954
3003
9148
11197
11198
968
5067
7115
5069
3028
9172
9173
11221
7131
5087
992
3044
9188
13285
5095
9194
13290
11243
7149
3055
11247
7152
1009
7153
5118
3076
5129
13321
13323
9229
11279
9233
5142
11288
3097
1052
13342
1055
11297
9250
13346
13348
7205
9253
3110
7208
13353
9259
7212
11310
5167
7215
9265
11315
3125
9269
11317
13365
1078
5175
3128
11322
13370
11326
3136
5186
9282
7236
9287
13383
7241
9290
7244
5200
1105
7249
9298
1108
3156
5204
1111
9304
11352
1116
11359
5216
5217
1125
5222
7270
13415
13416
9322
1132
9324
13420
5229
7277
9327
7284
7289
1150
3203
13443
13448
7307
9356
1166
5262
9358
13456
3220
5268
11420
3230
9374
5280
1186
11428
1189
1191
1192
3244
13486
1202
13490
3257
1210
5306
5307
7357
5313
1218
7362
3267
9411
9414
9416
1225
5322
11470
9426
13523
13527
11480
7389
11489
11492
5350
7398
13542
13543
5352
9452
13549
5359
7407
11507
7417
11514
13563
11516
3326
11518
9473
11524
1291
3340
7436
5389
7438
11541
13590
5400
1305
11545
7451
11549
11550
7456
7457
1316
3364
7460
1319
11560
3370
13613
1326
11568
5426
3380
9524
1336
3384
11576
11577
5435
5436
13631
9536
3394
5442
5445
7494
5447
5449
7497
13642
3403
7499
5452
13644
13646
11603
1364
9562
13658
9563
13659
3420
9568
11616
1378
9575
1387
1388
13677
1395
11641
1407
3456
9602
7557
11654
13703
13704
11658
13707
5516
9612
11662
9618
7571
1429
9622
13724
1439
3488
5538
3492
9640
11688
9642
3502
9646
5551
13744
1457
11697
5555
11699
5556
7604
3512
13752
13754
9660
1476
11718
5575
9671
11721
3530
3542
11734
3548
5599
3553
9699
13796
3558
11754
13802
7660
13808
5620
11764
9718
9719
9720
13816
7675
9723
9724
3583
5631
7683
13829
11784
13834
11791
1553
3602
1555
7700
1558
1559
9751
13848
7705
13854
7712
11810
13858
13861
5671
1579
11822
9778
7731
7736
7738
9786
7741
3649
11842
11845
7751
1608
13899
9806
7764
13908
1621
13910
1623
7769
1628
5724
1634
9827
5732
7781
3686
13928
11883
5740
1646
11887
11888
11892
1659
11900
13949
7812
3721
9865
7820
1680
7824
5777
5778
9875
7830
13984
3745
7842
7848
1705
1710
5809
3762
9906
11955
3767
7865
5821
11970
11971
7876
14020
7877
9926
5832
9928
11976
11980
7887
3793
9939
11993
1757
3805
9951
1761
5857
5858
7906
14051
3820
5868
14062
12015
12016
14064
5874
7923
9974
12024
12028
1790
5887
1794
1797
12038
1800
9992
7945
7946
14090
9995
1807
9999
1810
7956
12057
14112
10018
1828
10021
7975
7976
10026
12077
3887
10033
3898
3903
10047
3905
10049
14147
3909
5958
3914
14154
8012
14157
14159
1872
10065
5971
3924
1877
12120
8026
5982
14174
1888
3936
14176
8035
1892
3943
5994
14187
10096
6001
12145
10098
14194
14195
3957
12157
1919
3971
1925
3973
14215
6025
6027
6029
14222
10128
3989
12182
10141
1952
14241
10146
1958
8108
4013
12205
1967
8112
14258
6067
8115
14261
12215
4024
8124
4035
8133
10184
4042
8138
10187
1996
10191
12241
6099
14291
14298
6108
4073
14314
6124
6125
8174
6127
10223
12276
14324
8181
2041
14334
4095
6143
3
185
251
14
