8007
16386
32775
16392
32777
10
16395
32787
32788
20
24
16409
32796
32798
16418
35
38
16423
41
32809
32811
43
32812
46
47
49
16435
16437
32821
54
16439
16440
32826
32829
16447
16448
64
16453
71
72
73
32842
32846
32850
32852
86
16471
32855
90
32859
16476
93
32862
16479
98
99
32867
101
16485
32871
105
16493
16494
16495
112
32880
32883
115
16500
16502
16503
119
120
32890
125
126
127
16515
32900
32902
16522
16524
141
16527
16528
145
32914
16533
16534
152
16538
32923
32931
164
32935
32938
170
171
32940
175
178
32947
179
184
16568
32955
16572
194
32963
32966
198
16584
201
202
16586
32971
32972
205
207
210
212
32980
214
215
32983
218
16603
219
220
32988
221
32992
225
226
227
16612
32998
32999
231
33005
238
33009
16631
33015
33018
16636
16637
253
254
16638
255
16640
33024
33027
33029
261
16646
263
16647
16650
16652
33036
269
33038
33039
33041
16660
16661
278
33046
33052
285
16669
16670
16675
293
294
16678
33064
16680
297
298
16684
33068
300
16685
33070
303
33072
33073
306
16690
16695
312
16706
322
33090
324
16710
33095
327
329
33098
16715
16717
33101
33103
16720
16721
33106
33110
33111
16728
33114
33116
16733
33120
16737
16741
358
33126
360
362
16747
33132
16748
364
366
33137
369
370
371
16757
33146
379
16767
384
16771
33155
16773
391
33163
16779
396
16780
16781
33169
402
403
16788
33173
406
33175
412
16797
421
422
427
428
429
431
33200
33201
436
16820
33204
33205
16822
440
16826
16831
16834
16836
455
33224
461
462
16848
465
33234
33235
33241
475
478
480
33249
16865
482
16870
33259
33261
493
16879
33268
500
33279
16896
514
16900
16901
517
518
33291
16907
33294
33295
16912
16916
33300
33303
541
542
543
16929
546
16932
33318
33319
16937
16939
556
16942
33326
16946
563
33333
568
16956
33343
577
33347
16965
584
16969
586
33354
16973
16974
592
33360
16977
33361
33363
33365
601
602
16987
33375
610
17000
33390
622
17007
629
17014
33398
630
33400
634
635
33403
17019
33404
17023
641
17028
644
646
33414
648
17033
33420
653
33421
17037
17038
33423
33425
33426
33427
33429
17049
666
33436
33438
33441
33442
17059
677
17062
33446
679
33448
682
33451
17070
688
689
692
17076
33463
17082
698
699
702
17087
17088
33473
17089
33476
708
33477
710
17097
33481
17099
720
17107
726
33495
729
731
17119
737
17125
33512
17132
33517
33518
753
17138
17141
763
17149
769
17154
17155
33542
17159
775
17162
33546
779
33548
33549
33550
33557
17175
33563
33565
797
33567
33568
801
17186
33574
33577
17194
33582
17199
817
33587
33588
17208
17209
17212
829
33598
17214
33600
17216
17217
17224
840
850
33620
855
33623
33624
857
17242
33627
33628
33629
33633
17249
33634
33635
868
17252
17255
17257
878
880
882
33650
17266
33651
883
885
890
33658
33659
17275
33660
17277
33661
898
900
33670
33673
17291
909
911
17296
17297
914
917
17305
17307
33692
17308
33697
17314
33699
934
17322
33707
17323
17326
944
33712
33713
948
17333
949
17339
33723
33724
17341
33726
17344
17352
17357
17358
976
17360
977
17361
33745
979
17363
17368
985
17370
33757
989
33758
17374
992
17377
17379
33764
996
17381
1000
33768
17389
33774
17390
17391
1007
1011
17395
17396
17397
17399
33787
1020
33789
1023
1024
17409
17411
1028
33799
33802
17422
1041
1043
17428
33813
33815
33820
1053
33822
17438
17441
1057
17453
17460
33845
1079
17466
17469
1085
1088
33858
33859
1091
17477
17478
1100
1103
1108
1110
33879
17496
33880
1113
1114
1116
33885
1123
33892
17508
1125
33894
1128
17512
17518
33903
1136
17521
1141
1145
33913
17533
1149
17534
1154
33924
17548
1164
1166
1167
1169
17562
1182
17567
17569
1190
1191
17578
33962
1198
33967
1200
33970
17586
1203
33972
1207
1215
33987
1227
17611
1229
17614
33998
34001
17617
1233
34003
17620
1239
1243
17632
1253
17638
1254
17642
34027
1259
17648
1267
17651
1273
34044
1276
34045
1278
34048
34051
34057
17674
1295
17680
17683
34073
17690
34075
1310
34078
1311
1315
1316
34086
17705
17707
1326
17710
34099
1332
17718
1338
34110
17726
1342
17727
1343
17728
1347
17731
1350
34118
34119
34120
17736
17738
17742
34128
1361
17746
34133
17750
1367
1368
1374
17758
1375
1376
17761
17763
1379
1383
17767
34152
17770
34154
34155
34156
17772
17774
17775
34161
1396
17783
1399
17787
17788
17789
17790
1406
1408
1412
34182
17799
34183
17800
1421
17806
34192
17809
34193
17811
17813
1432
1434
34208
1440
1441
17826
17827
34211
17830
1447
34217
1453
34221
34223
17840
34225
1458
17843
34230
1462
17846
1463
17848
34236
17852
34240
17856
1474
34245
34248
1481
34250
1483
34253
1485
1492
17877
17878
17882
34267
17885
34270
1503
17891
1508
34277
34281
1516
17900
17903
1520
17904
34289
17906
1523
34292
17908
17910
34295
17918
34304
1539
1540
17926
17927
34317
1552
1556
34326
1559
17944
34333
17954
1572
34342
17958
1575
17966
34350
17967
1584
1585
1586
1590
1591
17977
34361
17978
17980
34368
17986
34373
1607
34378
1610
17995
1611
1612
1614
34382
34383
1617
34386
34387
34388
18007
1623
34391
18011
34395
18012
1628
34402
18020
18022
18023
34408
18029
18030
34414
34415
34416
18032
34418
18034
18036
18037
1654
34423
18041
34426
34427
1660
1662
18046
34430
34434
34435
18055
34440
1674
18064
1680
1681
18065
34449
18066
18069
18073
1691
1693
34462
1695
18079
18081
18082
34468
18086
34471
18091
34475
18096
1712
1715
34484
18104
1727
34495
1736
18120
1737
18121
34505
18123
18125
34511
1745
18131
18135
34520
18137
1754
18138
18140
1758
1759
1766
34534
1769
1775
1776
34544
1780
18169
34555
1787
1788
34556
34557
18176
18177
34563
18181
18182
1799
18183
18184
1801
18185
34569
18188
34576
1809
1810
34579
1816
18203
1819
1820
1828
1829
18213
18214
1830
1831
1832
34600
34603
18219
18220
34605
18223
34608
1840
1842
34611
18230
1851
1852
34621
18238
1855
1856
1859
34631
18253
34640
34641
18259
34650
34652
18268
1885
34654
1886
18271
34657
1890
18274
34659
18277
1896
1899
34667
18286
1903
34673
18290
34679
18295
1913
18301
34685
1919
18306
34690
1923
34692
34693
34696
34697
18314
18316
18317
34702
18320
34705
34706
1939
1941
1945
18330
1950
34718
34720
34721
34722
18338
34726
34732
18352
1969
1972
18359
18360
18362
1979
18364
1983
1984
18369
18371
18372
18373
18375
1993
18378
1994
34763
18379
34764
34766
2002
2003
18387
18388
34772
18389
34773
34775
34781
18401
2019
34789
18406
34791
34796
34800
2039
34809
18426
2042
2044
2049
2051
34820
34821
2057
2058
34829
2061
2066
34835
18452
34837
18455
2072
34842
18461
2077
2078
34848
34850
18471
18473
34858
34859
18476
2095
18479
34865
18482
2100
18486
2105
34877
2109
2110
34880
34881
34882
34883
18500
34886
18503
18504
34888
34892
2126
18516
34902
2136
18522
2147
18536
2157
34926
18543
18544
2163
18547
34932
2166
34934
2169
2170
2172
34941
2174
2175
34943
34948
2183
18569
2189
34957
2190
18575
2192
2194
18579
18580
2198
34978
34979
34980
34984
34986
34987
2220
18605
18609
2230
18616
35000
35001
2235
18621
35009
18626
2242
35011
35012
18628
18629
2247
35015
2248
2249
35020
35021
18640
35026
2265
2266
2268
18653
35037
18655
2271
35040
2272
18661
35049
18666
18667
35051
18670
2290
2292
35062
2295
18679
2296
18680
18683
18689
35076
35077
18695
18696
2312
35083
18699
35084
18701
35087
2319
18709
35095
18712
35098
2334
35103
35109
18732
2348
35117
18734
35119
2354
18739
35125
2365
18749
18751
35138
35140
18758
35144
18761
2378
18764
2382
18770
35158
18775
2392
18778
18779
2395
18780
18784
35172
2408
18793
18794
2412
18797
18798
2414
35183
2415
18802
35186
35188
35190
18810
18811
18814
18818
35202
2435
18820
35204
35207
35209
18825
2442
2443
18827
18828
2447
18834
35220
2456
18844
2461
2463
35231
2465
2466
18851
2469
35237
35241
2475
35244
2476
35246
2480
18865
35250
18872
2489
18875
35259
2496
18881
18882
2499
18883
2502
2503
18887
18888
35273
18889
18890
18894
35280
35283
2517
2518
35288
2522
35290
18907
18912
2529
18913
35301
35302
18918
2535
35303
35307
2543
2544
35312
35313
35315
18932
18937
18940
35327
2561
2562
2564
2567
35335
2578
18963
35350
2584
2587
2594
35362
35363
35365
35366
2600
18988
18993
35381
2614
2615
2617
2618
19003
35390
35392
35394
19013
2629
2631
19016
35402
2634
19019
35404
19023
19026
35412
2645
2649
2651
35427
19046
35433
35435
19051
19054
2671
19055
35441
35444
35445
2678
2680
35450
2686
35454
19076
19079
19082
35467
19086
35471
2703
19088
35475
2708
2710
35478
2711
2713
35488
2723
35491
35493
2725
19110
2727
19111
19112
35498
35500
2733
35501
35505
2737
2740
35509
2741
2742
19126
2743
19127
2750
19134
35521
35525
2757
2758
35526
19145
35532
35533
19150
35534
19159
19160
35544
35545
2780
19164
19166
35552
19170
35557
35558
2791
35562
2796
2797
19182
2802
35572
35574
2807
2813
2814
19199
2817
2821
35589
2825
2826
2827
2828
35598
2831
2833
2835
2836
2838
19223
35611
2845
35613
19230
2846
35615
2850
2855
35625
19241
19242
19245
19246
2862
2864
35634
35643
35644
35645
35647
2880
19265
35651
35652
2886
35661
19279
2895
2896
2901
35669
35671
19287
19288
2904
19289
2906
2907
19293
35678
2911
19298
19299
19301
2918
2919
19305
19306
35691
35692
19312
35696
19314
35699
35700
35701
35703
19321
2938
35706
35708
35710
35711
19327
19328
2945
35713
19331
2951
2954
35723
19339
2956
19342
35728
19344
19349
2966
19351
2969
19354
35741
35742
19361
2978
19362
2983
19368
19369
2986
35759
19376
2992
35766
19382
2999
19385
35769
3002
35771
35772
35774
19392
3011
35780
19398
35782
19401
3019
19407
19413
3029
3030
35798
35800
35810
19427
35811
3043
19429
35815
19432
35817
3050
35818
19440
35825
19441
35828
3061
19448
3065
3067
35839
19458
3076
35847
19465
35849
35853
35854
3088
19474
3094
35863
3097
19484
35868
35869
3104
19488
35873
3107
3109
35877
3110
35881
35885
3118
3123
19508
3127
35895
35898
35899
35901
19519
35904
35906
19525
35912
3148
35919
35920
3152
35921
35922
19540
19543
3161
35930
19551
35935
35938
35943
35944
3180
3181
35952
19572
35956
3189
3193
35963
19579
3198
35968
19585
35972
35975
19593
19594
3212
3213
35983
19600
3216
19603
19606
35992
19612
3228
19616
36001
36002
3236
36004
19621
36008
36011
36012
19628
19633
36019
3252
19638
3258
3269
19656
3273
19658
3275
36043
3277
19662
36048
19664
3281
36050
36051
19667
19668
19669
19670
36057
19673
19674
36059
36062
3296
3302
19686
36071
36079
3312
36081
19699
36084
36085
36087
3320
19706
3323
36092
19712
3329
3330
36099
36103
19721
19722
36107
3340
36111
3345
19731
3350
3351
19736
19737
3358
19746
19751
19755
36140
3372
19759
36145
36146
19762
3379
36147
19768
36154
36155
36158
19776
3394
36163
36164
19785
3403
19788
36173
3407
19798
3419
19804
3422
19807
19808
36194
36196
19815
3432
19817
19822
36206
36213
3451
19836
19838
19847
3464
3466
36236
3471
36240
36242
3475
3476
36248
36249
36251
19869
3486
19872
36257
19877
3494
36263
3496
36265
3500
36272
19888
19889
3505
3508
3510
19896
19899
36290
3525
3526
36294
3528
19913
36299
19917
36301
36303
36305
3537
36308
19933
36319
3552
3553
3556
3557
19943
36329
36331
36336
3568
19955
3572
19957
3574
36345
3578
36347
3579
3580
3581
19965
19970
3586
36358
36361
19981
19983
3601
3602
19986
36375
19993
36377
3610
36381
19999
3619
3620
36388
20006
36392
3630
20019
36403
3637
3638
36408
36410
20026
20029
36414
20031
3647
36417
20034
3655
20044
36430
20047
36433
20050
3666
36438
3673
3675
20059
36444
36446
20063
3679
36447
20064
36448
20065
36450
20073
20075
36460
36464
20082
3701
36473
3705
3706
20093
36478
36479
36481
3715
36486
20103
3719
36491
20107
20111
3729
3730
36500
20118
20121
3739
20124
20127
20128
36516
36526
36528
20146
20148
36532
36536
36537
20155
3771
36541
3778
20163
20166
20167
20168
3784
3789
3790
20177
36565
20182
3798
20189
20190
36574
3806
20191
20193
36578
20197
20198
20205
36589
3823
36591
20208
36593
3831
36600
3833
3835
36605
3840
20224
36610
3842
3844
36612
36614
20230
3848
20238
20242
36628
3861
3864
36632
20251
3869
36641
3875
36643
20259
20261
3877
36645
36652
36658
3891
36664
36666
20283
36668
20288
36676
36678
3911
36682
3914
36684
36686
20303
3923
20307
36696
36698
36702
3936
36706
20327
36712
3944
3945
3948
3949
20335
36720
20336
3953
20339
36724
3957
20342
3961
36731
20348
36732
20350
3971
36743
20360
3979
36747
3980
20364
3984
36752
3985
36755
36756
36759
36767
36771
36772
4004
4008
4013
20402
4019
4020
36788
36793
36794
20411
20412
36797
20414
20415
4031
20419
36804
4041
20426
20428
4047
20433
20435
36819
20436
4053
36822
4056
36824
20442
36827
4060
36831
4064
4065
36835
20451
4073
36842
4077
20462
36846
4080
4083
20467
36851
4085
36855
4092
4094
36863
36867
36868
36872
4107
20493
36881
20498
36882
4114
36884
20500
4117
36890
20507
20510
36899
4141
36910
4143
20528
4144
4146
4149
20535
20538
20539
20540
36925
20541
36927
20549
36934
36935
36936
36939
4175
4176
20560
36945
4177
20561
36947
20567
4185
36958
4194
20579
4195
4196
4197
4200
20587
36971
36972
36974
4206
4211
20596
20597
36985
20602
20603
36988
36990
20610
36995
4232
20622
4241
20626
20627
37012
4246
4247
4248
4250
4257
37027
20645
20650
37037
37038
37043
37044
37050
20667
20670
37057
4291
20676
37060
37062
37065
37070
20690
4308
37080
37081
4314
37082
4315
37083
4319
20704
4321
20705
20707
37091
20709
37097
20719
20721
37105
20722
20724
4340
37111
37112
37113
4345
20734
37122
20739
20741
4358
37130
4362
4363
37132
4364
4365
37135
37136
37137
37139
4372
37141
20757
20762
4378
4379
20765
20766
20768
37152
20769
37154
20774
20775
4392
37162
20779
4397
37169
20786
20788
4405
20789
37173
20792
4408
20793
37178
37180
20797
37183
4415
4418
20802
20804
37188
4422
37190
20810
4429
37198
20814
37199
20818
4434
20828
4446
4448
4450
20837
20840
20841
37226
20842
4459
20843
20846
4463
4465
20850
4466
20851
4471
4476
4477
20862
37247
37253
20872
20877
4493
4499
20890
20896
20897
37282
4515
20899
37284
4519
20904
20907
20908
37292
20910
4532
37301
20919
4537
4547
37318
20934
4553
37324
20940
37329
4562
20947
20952
37339
37341
20957
4580
20965
37349
20968
37353
37355
4587
20974
20977
4594
37364
4597
4600
37372
37373
37376
4612
20996
37380
37381
4614
4615
37383
4616
4617
4618
21003
37387
37390
37391
21009
21013
21015
37402
21020
37406
4641
37409
21030
21031
37415
4648
21033
4650
37418
21039
4658
21043
4659
37428
4661
21045
37431
37432
21051
4672
21060
21061
4681
37450
4685
21070
37455
4688
37456
37458
21074
37461
21080
21082
4698
21083
4699
4702
21087
4708
37477
21094
4710
37479
37480
37482
4714
21101
4718
37486
37491
37492
21108
21111
21112
4729
37497
21117
4733
37502
4735
21125
21131
4747
37517
21134
21135
4752
4759
37527
37528
4762
21149
21151
21155
21158
37546
21166
37550
21167
4783
4785
37556
37559
21176
21179
37565
37566
21182
4798
4802
37570
37571
21188
21190
21193
4809
4813
4817
4818
21205
37589
21206
21211
37597
37598
21215
37599
21216
37607
4840
4847
4848
21232
37617
37619
21237
37622
37623
4857
21241
21242
4858
4861
37630
37633
37634
21253
37640
21259
4877
37647
21264
21266
37651
4886
21273
21274
37661
37662
21278
4897
37666
4900
21287
37672
4904
21288
21289
4908
37678
21296
4913
21300
4917
21303
37688
21304
4921
21309
4926
37700
4934
21319
21321
37706
4938
21322
37708
21327
37712
21330
21333
21334
37719
4953
37722
21340
37728
21348
21349
4965
21350
37735
21351
4968
37737
4975
37744
21361
37747
21364
37750
21367
4989
21373
21374
37759
37760
21378
4996
37765
21381
37766
21383
5002
37774
37776
21396
37783
37784
37785
21407
37793
5025
21412
5028
21419
5036
37805
37806
5041
5043
5045
37819
37823
37826
21446
21448
21451
5072
5077
21462
21463
37849
5082
21467
37853
21469
5086
5087
21474
21476
21477
37861
21482
37867
37868
37870
21487
5106
21495
37881
5113
5114
37884
21501
21502
37891
21509
5128
21513
5129
5132
5133
37902
5136
5138
5139
5140
5142
21530
37914
5147
21537
21538
5154
37923
21540
21541
5157
5158
21544
21546
21547
21551
5169
37941
5174
21559
21560
37946
5181
37952
5187
21572
5189
21573
37958
37959
21577
37962
21582
37966
37968
21586
5205
21590
5206
21592
5208
5211
37979
21596
5214
5215
21599
21600
21604
5221
21606
37993
21610
37994
5228
21613
38002
21619
38003
21620
38009
21626
38010
38014
21631
38018
21636
38021
21638
38022
21642
5264
21649
38034
5266
5271
21655
38042
38043
5279
21667
38053
5286
5289
5292
38060
38062
38065
21683
21686
21687
38071
5303
21690
38076
5309
5312
5315
21703
21704
21705
38089
21707
21708
5325
38094
21711
38096
21712
5328
5334
21719
38104
21720
21721
5339
5340
5341
38110
5343
21728
21730
21731
5350
21735
5351
5355
38123
21741
21742
21745
38130
38131
5369
21755
38142
38143
38144
21761
38147
38148
5380
21764
5383
21768
21770
38154
21771
21772
21773
38159
5391
5392
38161
21777
21778
38165
21781
38170
21787
21788
21789
38173
21790
5407
38176
38177
21793
38178
38180
21797
5413
5415
38185
5420
38190
38191
5423
5424
5425
5426
5429
5431
38200
5433
21819
21820
21821
5438
5439
21824
5442
21829
5445
38215
38216
21833
5451
21836
21837
5456
38224
21841
5459
5463
38231
21848
21849
21851
5467
5468
5469
21858
21861
21867
5483
5484
21869
5486
38254
21874
5490
38259
5493
5494
5496
5497
21882
38268
5501
21888
5505
21892
21893
5509
21895
5516
38284
38285
5517
21901
5519
21908
38292
5528
21913
5533
38302
38305
5538
21924
21927
5543
38317
5550
21934
38319
5552
5556
5557
21943
5560
21949
21950
5568
5576
21961
21965
38350
5583
5586
5591
5593
5594
38364
21985
38370
21986
38371
5604
38372
38373
21994
5611
5612
38381
22000
22001
38385
22002
22004
38391
22012
38397
22014
38401
5633
22017
22018
5634
38404
5637
38407
5640
22030
22034
22035
5651
22036
38422
22040
5657
38425
22043
38429
22045
5664
38433
22053
38437
38440
22057
38442
38443
22059
22060
5676
38450
5683
38454
5689
38458
38465
5697
22083
22087
38471
22088
22090
22096
22098
5717
38490
22106
5724
22110
5728
38497
38499
22116
38500
22118
38502
5742
38512
22129
38516
22133
5751
38520
22140
38528
38530
5764
38536
22153
5769
38537
38542
5776
5777
38545
38547
5780
5782
22166
22169
22170
38555
22171
5790
22174
38560
5794
22178
5801
5803
5805
22195
5812
5813
5816
5817
38586
5820
5821
38590
38592
5826
38595
5828
5831
22215
5835
38603
22222
22224
22225
5842
38614
22233
22234
22235
22236
38621
5856
38628
5861
22246
38632
22248
5865
38635
22252
38640
22264
5881
38649
5890
22274
38659
22279
22280
38667
22283
5900
5901
22286
5904
38675
22292
22295
5912
38682
38684
22305
38691
5923
22309
38694
38698
22317
38707
5943
5945
22332
38717
5952
22340
5956
22347
22348
38733
5966
5968
38738
5973
38742
22358
38745
22367
22369
22370
38756
5988
22375
22376
38767
38768
38772
38773
38774
6008
38778
6010
22396
38781
22401
38786
6019
38789
6023
22407
22408
6024
38794
22410
6027
22411
22412
22413
22417
38804
38812
6046
38815
22432
38816
6050
6051
38819
22435
22436
6053
6055
6058
22442
6061
38829
22445
22452
22454
6074
22459
38844
22464
6084
38853
6086
38855
6089
38858
22477
38862
22481
6098
22484
22488
38874
22491
22495
38881
22498
6114
22501
38885
22508
6124
38895
22513
6131
38899
38902
38905
38909
38910
22526
6144
6145
38914
22531
22533
22534
38920
6155
6157
38926
22543
38928
38929
22546
22548
22549
6165
6166
6167
6171
6172
22563
6182
22566
6183
22567
22568
6185
6186
38958
22576
38960
22577
6194
22579
38965
6198
38967
6200
38968
22587
38971
22592
6209
6214
38984
6217
22603
38988
6220
22605
38990
6225
38993
6226
38999
22616
22618
39002
39006
22622
6238
22624
22625
22628
39014
6248
39021
6254
22638
6259
39031
39033
6265
6268
6271
6272
22657
39041
39042
6274
22659
6276
22661
6277
39050
22667
22670
6294
39064
39066
6300
6302
22687
39074
22690
39081
6314
6315
6318
39087
6320
6321
39090
39091
6324
39093
22709
6328
22716
39104
39105
39106
39111
6344
39115
22732
6350
39118
39120
22740
6360
22744
6362
22747
39133
39138
6373
39144
39147
6379
22765
39153
6388
39160
6393
6394
39166
6404
6406
39175
6407
22792
6412
6418
22803
6419
39191
22807
39194
22810
6427
22814
22817
6439
22824
6440
22826
39214
6447
6454
39225
22842
6460
6463
22847
6466
39234
39236
6470
39241
39244
22860
22863
39252
22871
39256
39257
6489
22874
6490
22875
22876
6493
6496
22882
6499
22885
6503
22887
39274
22890
6507
22892
39276
22894
22897
39281
6515
39288
22905
22908
6526
22912
6529
39297
39298
22914
39301
22918
39303
6535
22924
6540
22926
6544
6546
39314
39317
6549
22933
6552
22937
39322
6555
6556
22940
6558
6562
22952
39337
22956
22959
39344
39346
22962
22964
39351
22968
39354
22971
22974
39360
39363
39364
22981
22982
39369
39371
39372
22990
6609
39380
6612
6613
22998
6615
6618
23005
6624
6625
6631
39402
23020
39404
23022
23026
23027
23029
23030
23032
23033
23035
39428
39429
6661
23046
23048
6665
23049
23051
23053
39438
23055
6672
6673
6679
6680
23065
39455
6688
39457
39458
23075
23077
39461
23079
6696
39465
39466
39468
23089
23090
6709
39478
23095
39486
6719
39490
39492
23109
39493
39494
23110
23111
6729
23113
39499
23116
6732
23117
39501
6734
39506
39507
23125
39509
39511
39515
39516
39517
23134
6752
39521
39523
23139
39524
6758
23147
23148
6764
39533
23151
6772
39540
23160
39544
23162
6780
6782
6784
23170
39555
23171
6787
6788
6790
39558
23176
6795
23180
6798
6799
23183
6800
6801
39569
23188
39573
6805
23190
6808
6810
23196
6812
23197
39583
39587
39588
6820
6821
23208
23210
39596
39597
6830
6832
39601
23217
6833
6834
39604
23220
6839
23225
6842
23227
39613
39614
23233
23234
6850
39619
39620
23236
6853
39621
23241
6857
39626
23242
6860
6861
6864
39633
39635
23251
6869
39637
39639
23260
39644
6877
23263
23264
39651
39657
39659
6892
39660
23279
39663
23280
23282
6900
23284
39668
6903
6904
23288
6907
6908
6910
23296
39680
6913
39682
39685
6918
6922
23306
39692
39694
39697
6931
39703
39709
39711
23333
39721
6954
39727
6960
23344
23349
39733
23350
39734
39736
6969
39738
23355
6971
39740
39741
39743
6980
39750
23366
39751
6990
23376
39760
6997
23383
23385
7001
39772
23389
39774
7008
39778
7011
23400
7019
7020
39790
23408
7024
7025
23409
39793
7026
7030
23417
39805
23423
7041
39810
7042
23426
39811
23427
7043
39812
39817
39820
23437
23438
39822
23442
7060
39831
7068
39838
7071
39842
39843
7075
39844
23460
7077
39845
7079
23463
23464
7080
23467
7083
23468
7088
23480
7096
7097
39865
7098
39867
23484
39873
39874
23490
39878
23494
7112
23497
23499
7118
39888
39889
7122
7124
23509
7128
23512
23516
23517
23518
7135
39903
23519
39907
39911
23527
7143
7145
39916
23534
39920
23537
39922
23538
7156
39926
23544
7165
23550
39936
7169
7170
39939
7172
23558
39949
39951
7185
23570
23571
23573
39958
39959
23576
23578
39963
39968
39969
7202
7203
23587
39972
39975
7208
39978
39980
39982
39984
23601
7218
23602
39988
7222
23607
7226
39996
39998
23614
7230
40003
23620
7236
40008
40009
23627
23629
7248
40017
40022
23641
7259
40027
7262
7264
40037
23654
40039
23656
40042
23658
23661
7279
23664
7280
7281
40049
23665
7290
23674
40059
23675
7291
40061
7295
7296
7300
40071
23687
40072
23690
40076
23692
7311
40082
40086
7320
23706
23713
7330
7331
40106
7342
23727
40117
7353
23737
7355
23740
7356
7357
40125
23744
40132
40133
7369
7370
40144
23762
7383
7384
23770
23772
40159
7392
40160
7395
23784
23787
23789
7405
40176
40179
23796
7412
7413
40186
23805
7421
40192
23809
23810
40194
23811
7428
7431
40200
23817
40201
40204
40208
23825
40210
23834
23835
40219
7451
23837
40221
23840
23843
23845
23846
7463
23849
40235
40237
7469
40238
40240
7474
7475
23861
7478
23866
23869
7485
7486
40256
23874
40258
7491
7492
40262
40267
40270
40271
40272
40276
23894
23895
7511
23897
40282
40283
40284
7518
7523
23907
40294
23912
7530
23916
23923
7541
40311
40312
7546
23932
23933
7550
7553
23939
40323
23944
40335
40339
23956
23958
40342
23962
40348
23967
23971
40356
23972
23974
40358
40359
7599
7600
23985
23989
40376
7609
7610
40382
7616
24003
40387
24008
40393
24010
40394
40396
7628
40401
7637
40405
40409
7645
24030
40415
40418
40419
40420
7654
24038
40423
7658
7659
7661
24045
24048
7665
40434
24050
40437
40440
7673
7676
7677
24063
24069
7685
40454
7689
7690
24079
7696
24080
24081
7697
40472
7704
40475
40476
7712
24098
24099
7716
7717
40486
7718
40488
24107
7723
7724
40498
24116
40500
24117
7737
7738
24124
7744
7748
40516
7750
40520
24136
24142
24143
7760
40530
40531
7764
24151
24152
7770
40542
40544
7777
24161
40545
40546
40548
7782
40552
24168
24170
7786
7788
24172
40556
40557
7793
7795
24181
40567
24183
24186
7806
40575
24192
40576
24196
7815
24203
40589
7823
24207
24208
40593
40594
24214
7832
7839
24224
24225
24227
24229
7846
24231
40617
40619
40623
7858
24243
24244
40629
7865
24252
40636
40637
24255
40639
7881
24267
40653
24274
24277
40664
7897
40665
24284
24285
7902
24288
24289
7908
40677
24295
40680
7913
24298
7914
40683
24301
40687
7922
40691
24308
24312
40696
24319
40704
24324
7944
40715
24331
40717
40719
7953
7955
7957
24343
7962
7965
7969
7974
24359
40744
7977
24369
7987
40755
40756
40758
7995
24379
24381
24387
8012
8013
40783
40785
40787
40790
24406
40791
24408
24409
40793
8026
40795
24415
24416
8034
24420
40804
24422
8039
40807
40810
40816
8049
24434
24435
40820
40822
24439
24441
8057
24451
8068
8070
40842
8076
40846
40851
40852
24472
40857
8095
24480
40865
8103
24490
40875
8111
40880
8121
8122
8123
40900
24516
40901
24518
24520
24523
40907
24526
8143
40912
8150
40919
24541
8158
24544
24545
8162
24548
8165
40936
24553
8172
40942
40944
24560
40946
8187
24572
8192
40961
8194
40964
24581
24584
8206
24592
8208
40977
8209
40978
24600
24607
40992
8226
24612
8230
40999
8231
8233
41004
24622
8239
8244
24630
41018
24639
41025
8258
8260
24644
24646
41032
8264
24650
8267
24653
8269
24655
24656
8273
41043
41046
41048
41049
8281
24667
41052
24673
41061
8293
24678
8295
41064
24682
24683
24684
24691
41081
24698
41084
41086
41087
41091
8323
41092
24713
24714
41100
8334
41102
8335
41106
8340
41109
8342
41111
24728
8349
24737
41122
24740
8357
8360
24744
24749
8366
24759
41145
8379
8380
24764
8381
24765
8382
8385
24769
24770
24771
41155
8389
8392
24776
41161
8396
8399
24785
8402
8403
24788
41174
8410
8412
41185
24803
24805
8423
8424
24808
8425
41194
8430
41198
24816
41202
24820
8447
24832
8449
41219
8451
24837
24841
8457
24847
41232
24849
41235
24851
8471
8473
8475
8478
24863
24864
41249
41251
8484
24868
24869
24870
24871
41255
8491
41261
8493
41262
8497
24882
24883
41274
24896
8516
24900
41286
24905
24906
24908
24909
24912
24917
41302
41304
24924
8543
41312
41313
8548
24933
8550
41320
8552
24938
8556
41326
41329
24945
24948
8565
8567
24952
41336
24953
8571
24960
41345
24962
8581
41349
41350
41356
41359
8592
41363
24980
8596
41365
41366
24987
24988
8606
41376
8609
24998
41383
8616
25002
41387
25003
8624
41392
25014
41398
8633
25018
8634
8637
8638
8640
41408
25026
41417
25034
25035
41422
41423
25041
8660
8663
25049
25052
41436
25058
8674
41444
25061
41445
41449
25070
8688
8691
25079
8696
25082
25086
8702
8708
25094
41479
41484
25102
41489
25108
41494
25111
41498
41499
8734
41503
25120
8738
41506
25123
41507
8741
41509
8742
41514
25134
8750
41519
25136
25137
8753
25141
8759
25145
25148
25149
41534
8766
25150
25151
8769
8771
25157
41542
25158
25159
8776
41546
8782
25168
25169
8786
25170
41555
8790
25176
41560
25177
8795
41564
25183
8800
25184
41573
25193
8810
25198
8815
8816
41587
41591
41599
8832
41600
25217
25218
8836
25227
41612
8845
41615
25234
41620
25237
8854
41625
8858
25242
8859
8860
25247
25248
41634
25252
41640
41641
41651
25268
41661
8897
8904
25291
41677
41679
25295
8911
25297
25298
41686
25306
8923
25317
41702
41705
8939
41710
8945
41717
25335
41722
25340
41726
8963
25349
41735
41737
41740
25356
41741
8974
41746
25363
8979
25365
41755
8988
8992
8996
25381
25383
9006
9007
41776
9010
41779
41780
9012
25396
9013
9017
41788
9022
25407
9025
25410
41795
9027
9028
41798
41799
9032
25417
41802
9036
9037
25424
41808
9048
41818
25436
41820
9052
25437
41822
25445
41829
9062
25446
41831
41834
9068
9069
25457
9074
25459
41844
9078
25463
25469
25470
25474
25475
9092
25477
25479
9096
41865
25481
41866
9102
41870
41873
25489
9108
41879
41881
25497
9114
25505
41890
41898
9131
41902
9136
9137
41906
9142
9143
25528
41914
9146
9149
41917
25536
41922
41923
9156
25541
41926
9161
41929
41932
9166
25554
9177
25563
25566
41950
9189
41958
41960
41963
9197
41967
9201
9211
25596
25597
41982
25600
41985
9219
9222
41992
41994
25612
41998
9231
41999
25616
42000
9232
9235
25619
9237
25622
42010
42011
9246
42014
25633
9250
25635
42020
9259
42030
9265
42033
42034
9267
25656
9272
25657
42043
42046
25665
25666
42053
25671
9292
42060
9296
25680
42064
25681
25682
9300
42069
25686
42070
42071
9303
25688
25691
9308
42076
25695
42080
25697
42081
25702
42086
25704
25711
25712
9328
25714
9331
9332
42100
25718
9338
9339
25725
42109
9341
9342
25727
42112
9344
42114
42116
25732
9348
9349
42117
25734
25735
25739
42124
9356
42125
42126
25744
42130
42132
25748
42136
42137
9370
42139
25755
9372
42142
25759
42145
25761
9379
42151
25770
25772
9388
9390
25775
9391
25777
25781
42166
9400
42170
25791
9408
42178
25797
9414
9416
42184
25800
25801
9420
9421
25805
25807
42191
9424
42193
42194
42196
25813
9440
42209
42210
25827
25828
9444
9446
25831
42216
25833
9451
42221
42222
9455
25841
9458
42226
25845
42230
25850
9468
42237
25855
42239
9471
42243
42244
25863
25864
42251
25868
9486
25874
42258
9491
42262
42263
42264
9496
9497
25884
9500
42268
9502
25887
25888
42274
25890
42276
42277
9512
9514
42282
25899
25900
9521
25905
9522
25907
25908
9525
42296
42301
9535
9536
9538
9539
25923
42311
9543
9544
9546
42315
25935
9553
25938
42322
25940
25942
42326
25943
42332
25950
9569
42340
9572
42341
42345
42346
25963
42347
42348
9580
25966
42352
42353
25975
9593
25978
42363
25979
42366
9600
25985
9603
25988
42375
25993
9610
9615
9618
42386
9621
42392
42393
26010
42401
9635
26023
26024
26027
9643
42411
26028
42412
26033
42418
42422
9657
26045
26047
42432
26049
26050
9667
42436
26053
42442
9675
26069
9691
42462
42463
26081
26082
26084
26094
9711
42479
42482
26098
9715
26099
42483
42489
42490
26107
42492
9726
26111
9728
42498
26114
9731
42499
42500
26119
42505
9740
9743
42511
42516
9753
9756
42524
9759
26144
42528
26146
9775
9781
42553
26170
42554
9791
26176
26177
9794
26180
42565
26181
42566
9806
26190
42574
9810
42579
42581
26197
9813
9815
26199
42584
42586
26202
26204
9822
42592
9824
42597
42598
26216
42610
9844
26228
9846
42615
26235
9851
26236
42624
26241
9858
9860
42628
42629
9864
26248
9865
9868
42637
26255
42639
9873
26257
9874
9876
9877
26262
9878
9880
26267
26270
9887
9888
26273
42657
9890
42659
42662
26279
42667
42671
26288
26293
9911
26297
42682
42686
9921
9923
42692
9926
26310
9927
26313
9929
9934
9938
42706
42710
9944
42715
9949
42717
42718
42721
42722
26339
9955
9958
9961
26346
42730
42731
42738
9972
42741
26358
26360
9977
26365
9984
26369
9988
26373
9989
42763
42768
10001
26385
42771
42772
26389
26390
26392
10012
26397
42781
26400
26403
42787
26405
42792
10024
10026
10028
26412
42799
10031
10036
10038
42810
26429
42814
42820
26442
42830
10064
26452
26453
42838
10070
26454
10073
10076
42845
10077
42847
10079
42848
10081
10082
10083
42851
42853
10085
26469
26470
10087
10088
42861
10093
42863
10100
26485
26487
10104
42874
26495
42882
42887
10120
26506
10122
10126
26513
10130
26515
26518
10135
26520
42905
10138
10140
42910
42915
26532
42917
26534
10151
42921
26540
10157
10158
26542
42927
26547
10163
26548
10165
42935
42937
26555
42946
10179
26564
42950
10185
26570
10189
10192
10194
10196
42968
10205
42973
26590
42976
42977
42982
26598
10215
26599
10220
26607
26610
10228
26616
26621
26624
43009
26626
26628
43012
26629
43014
10246
10248
26633
43020
26636
26637
43022
10255
26641
26643
26644
43030
10264
10267
43039
10273
10274
10275
10276
43044
43045
26664
26668
26669
43053
26670
26672
10288
43057
43058
43059
43060
43066
10301
26688
10305
10307
43077
10311
43081
26701
43087
10319
10320
26704
43089
26705
26706
10322
10323
26707
43094
26711
26712
43097
26713
43103
10335
10339
26725
26726
26727
43112
43115
26731
43117
43118
26735
43120
26739
43123
10356
26740
26741
43125
43126
43130
43131
43136
43137
26755
10372
26758
10377
43145
10378
26763
10381
10383
10384
26768
10386
43155
10389
10390
43159
26775
43161
26778
43163
10396
10397
43167
26784
43170
10405
43173
26796
10413
10415
26801
43186
26807
26809
43195
43197
26816
10433
10434
10436
26820
26824
43208
10440
10441
43211
43212
10445
43215
26833
10451
43220
26838
43222
26839
10456
10463
26849
10466
26852
10469
26858
43242
10475
10477
43248
26869
43254
26874
43260
43261
26879
10497
10499
10500
26888
43273
43274
43276
43280
26896
43281
26899
43283
10516
10518
43286
43290
10526
26910
26912
43297
26913
26915
26916
26917
26920
10536
43306
43307
43309
43311
10544
43312
26930
10547
43315
26932
10549
26934
10553
43323
10556
10563
43331
43333
26949
10567
10571
10572
10575
10576
26962
10579
43350
10586
43356
10595
10597
26981
43365
43366
10601
26985
26989
43375
43380
26996
26997
10618
43389
10622
27008
10625
27011
10629
43397
43398
10631
27019
10642
27031
27033
43417
27035
10656
27040
27041
43425
10658
43430
10662
27047
43431
10666
27052
27053
27059
10677
27065
43451
43453
10686
43454
10687
10690
10693
43461
10695
27079
10697
27087
43471
27089
27092
43477
10711
27099
43485
27102
43488
10722
10726
27111
27112
10732
27120
27124
27128
10745
10749
27134
43518
43522
10754
27144
27146
27147
43531
27149
27151
27152
43539
27156
43541
27157
27161
43545
10779
27165
27166
43551
43554
27170
27171
43555
10800
43569
10803
43572
10805
10806
10809
10811
27198
10816
10818
10820
10826
10830
27215
10837
43606
10843
43612
10845
10846
43615
10849
27234
27241
27242
10858
27244
43631
43632
10866
10867
27251
43637
43639
27255
27256
27258
10877
43645
43646
10881
43651
27270
10890
27275
43665
43666
43670
43671
43672
27290
27291
27292
43678
27296
27298
10915
43684
43689
43690
43693
10926
27310
10928
43697
10931
27316
43704
43707
27323
27325
43710
10942
43722
43725
10960
43728
10961
10963
43731
10964
27354
10973
10978
10979
10980
43749
10986
10988
27374
10991
27375
43759
10995
43763
10997
43767
27383
11004
43774
11006
27390
11008
43782
11014
43784
11016
27401
11017
27402
11018
43787
43789
11024
11025
11027
27414
11031
27416
43806
43807
11040
11041
27430
11047
43816
43818
43819
11054
43822
43823
27445
11063
11066
27451
27452
27456
43841
11074
11076
11080
27464
11081
43850
27467
11085
11087
11091
11092
11093
43863
11095
27480
11097
43865
43869
11102
11103
11104
11106
43874
43875
11113
27499
11115
43884
11117
11122
27506
11124
43901
27520
11136
43904
27521
11138
11139
27532
43920
27536
11152
43921
43922
27542
43927
43928
11161
43929
27546
27551
43936
27553
43938
27555
27556
43944
11176
11179
43949
27566
43950
11186
11187
11189
27574
43968
27587
11206
27595
43983
11215
43984
43985
11217
27604
11220
27606
27608
43993
27617
27619
44003
44005
11242
27628
27629
11247
11249
11253
11254
27638
11256
27641
11258
44027
44033
27650
11266
27651
11267
27653
44037
27657
27658
44046
11279
44048
27664
11282
44050
44051
44053
27672
11288
44057
27683
27684
11301
44069
27686
44071
44072
27688
44073
27693
44078
27699
11324
11330
27716
27719
44104
27720
44110
11343
27730
11346
11347
27732
11348
44118
27736
11353
11361
27747
11365
11366
44135
11369
44137
27757
11380
44152
27769
11389
11391
27777
44161
11395
27781
11397
44167
11404
27790
27794
11411
44184
11416
44186
11419
44192
44193
27811
27813
27816
27818
44207
27823
27824
44211
27827
11444
27829
27830
27834
11451
27839
11456
27841
44226
44229
11461
44230
27846
44234
11467
27852
27854
44239
27856
11472
27859
44244
11476
11478
11479
11480
27868
11485
11487
27872
27873
44258
44263
27879
44266
11500
27884
27885
44270
27888
44272
11506
44276
11509
44282
44288
27905
11522
27906
44290
11523
11524
27908
11525
11526
11527
27912
44296
44297
27914
11533
27919
44304
11536
11540
27926
11544
27929
27934
44319
44326
11560
11561
11567
27951
44339
11573
27957
11579
11580
11582
11584
11585
44356
11589
27974
44358
27975
27979
44363
11596
27980
11598
44369
11601
27986
44371
27987
27992
44378
11611
27995
27998
11615
44385
28002
44388
28006
11622
28007
28008
11627
28020
11640
44410
28027
44415
28033
28035
28036
44422
11656
28040
11659
11664
44434
28050
11668
44437
44440
11675
44447
44448
11683
28069
11687
11688
11689
28078
11697
28083
28084
28088
44474
44479
28097
44482
28102
28108
44496
11732
28116
44500
28117
11733
11736
28120
28125
28126
11745
44514
28132
11749
44518
11753
44522
11754
28142
11760
11761
44531
44532
44533
44536
11769
28153
11771
11772
28156
11775
44543
11777
28161
44546
11778
44547
11780
11781
28166
11783
44554
44556
28178
11794
44563
28180
44567
11799
28184
28189
11805
11806
11807
11809
44578
28194
44579
11812
28202
28203
44590
11823
28208
28212
44599
44600
11832
44610
44611
11844
28234
11852
28237
44621
28238
11856
44624
28242
11861
28248
11865
11875
28261
11878
44649
28265
11889
28277
11894
44662
28280
28284
44669
28286
11908
28295
11912
28298
11916
28302
44687
28303
11921
11923
44694
28310
11930
28314
11931
28316
44702
11934
28320
44705
44708
11940
44713
44716
28335
11953
28338
11955
44726
44729
44730
28348
28353
11971
28359
44744
28361
28362
11982
28368
11985
28369
11986
11990
28377
11999
28384
44768
44769
28386
44773
28390
44776
44781
12014
12017
28406
44791
12023
12024
28408
12026
12028
44797
44798
12030
44799
44803
12035
12037
12041
12042
28426
44812
44815
44816
28432
44817
28437
44822
12055
12059
44842
12077
28464
44849
28466
12082
28467
44854
44855
44856
12091
44860
12093
12094
44868
28486
12103
28487
44879
12114
28498
28499
12116
12118
12121
12123
28507
12126
28510
44896
28513
28516
28519
44903
44905
28521
28522
28523
44909
28525
44910
28526
12145
28530
12148
28532
44918
28534
28536
12157
12159
12161
12162
28546
44931
44933
12167
12172
28557
44942
28560
12178
28563
12179
12183
28567
28572
44959
44961
44962
12195
28580
12199
12201
12205
44973
44974
28591
12210
44979
28595
12212
12214
28603
28605
44990
28609
28614
45000
45001
45002
28618
12235
45005
28625
45011
45012
12247
28631
12249
28634
12252
45022
28638
12258
45032
12264
28650
12266
45040
45043
12276
12277
45046
45048
28665
12283
45052
28674
28675
28679
45067
45068
12300
28691
28693
12310
12311
12312
45081
12313
28698
45082
45084
28703
45091
28711
12328
45098
45101
28718
12334
12335
28720
45106
45107
45109
45110
12343
45111
28728
28732
12350
12354
12355
12361
12362
28747
12363
12374
12380
28765
12383
28767
12384
12386
28782
12402
12403
28788
28792
12409
28795
12411
12412
12418
12422
12424
28813
12430
12431
12432
28818
12436
12438
28825
28832
28834
12451
28839
12466
28854
12470
28855
12477
28863
12481
12482
28866
12484
12488
28878
12496
28889
28890
28892
12511
12522
28907
12524
12530
12531
28915
28916
28919
12536
28923
28925
12552
12554
28944
28945
12565
12566
28950
28951
12569
12571
28957
12575
12592
12593
28978
12599
12600
28986
12602
28989
12607
12609
28993
28997
29002
29003
12620
12625
12628
29015
12632
29020
29021
12643
29027
29028
12650
29035
12652
12653
29038
29039
29040
12660
29047
12665
29053
12669
29061
29065
12688
29074
29078
29079
29080
29081
29088
29091
12708
29094
29097
12713
12714
29101
29104
29106
12723
29112
12731
29124
12747
29136
12757
12762
12769
29154
29158
12781
29166
12785
29169
29171
12795
12800
12804
29189
12809
29197
12815
12817
12820
12826
12831
29222
29226
12843
12844
29230
29232
12849
12851
29238
12855
12856
29242
12865
29249
29252
12869
12870
12877
12879
12881
12889
12890
29276
12899
29284
29287
29289
12908
29298
29299
12916
12917
29305
12923
29309
29312
12928
12929
12931
29316
12936
29320
12941
29328
12949
12953
12954
12955
12957
29347
12967
29351
12968
12969
29354
29356
29358
29362
12979
12980
29364
12981
29366
12984
29368
29369
29373
12992
29378
12997
29383
29384
29385
13002
13003
29387
13008
13010
29394
29399
29406
13026
29411
13030
13036
29423
13039
29424
29425
29427
29433
29435
29436
13055
13059
29443
29444
29445
29447
29451
13069
13070
29454
13074
29459
13075
13077
29470
13086
29480
13097
29483
13102
13104
29488
13108
29492
13109
13113
29501
13120
13121
29510
29514
13134
29521
29524
13140
13145
29530
13151
13154
13160
29545
29546
29549
13166
29551
29552
13168
29555
29559
29561
29562
29567
13185
13188
13191
29575
13197
29591
13214
29603
29605
29609
29610
13233
13235
13239
29623
29625
13244
29631
29632
13250
29638
29641
13261
29645
13264
13271
29660
13277
29662
29669
13288
13289
29674
13295
13296
13300
13302
13304
29698
13322
29711
29713
13331
13336
13337
13338
29729
13346
13348
13350
13351
13353
29740
29743
29746
13364
13366
29750
13371
29755
29762
13378
13384
13385
13389
13391
13392
13400
13402
29792
29797
13416
29802
13423
13436
29821
13437
13438
29823
13439
13440
29825
13442
29830
29832
29835
13454
13455
29845
13461
29846
13463
29849
13467
29852
29853
13471
29858
29863
13483
29868
13485
29873
13495
13500
29886
13506
29891
29892
13510
13512
13514
13515
29900
13517
29902
13518
29904
13522
13525
29913
13535
29922
29926
29927
13544
29929
29936
29940
13557
29942
29943
13562
29952
29953
13570
13574
13587
29975
13594
13595
13602
13604
29992
13609
29996
13620
30006
30008
13629
30013
30018
13636
30025
13642
30030
13654
13655
30040
13659
30043
13660
30046
13663
13666
13669
13672
13673
30059
13676
30062
13680
30070
13687
30074
13697
30086
30090
13706
13708
13714
13715
13717
30101
30104
13721
30106
30110
13726
13733
30117
13735
30121
30126
13744
30131
13747
13748
30135
30136
13756
30142
13758
30143
30144
30151
13770
13771
30155
13776
30162
30164
13782
13783
13784
30169
30170
13789
13791
13802
30187
13806
13807
13808
13812
13814
30199
13816
30203
30208
13825
30210
13832
13838
30225
13848
13854
30239
30241
13858
30245
30251
30256
13876
13879
13880
13881
13883
30268
30280
13897
30287
13904
13907
30295
13914
30300
30302
13921
30308
13925
13926
30311
13929
13931
13932
30316
13936
30321
13938
30323
13939
13940
30324
13944
13946
30333
30334
30337
30340
13962
30348
13965
30350
30354
13970
30355
13974
13975
30359
13976
30367
13995
13997
30387
30388
14009
30395
14015
30402
14018
14020
14022
30407
30408
14027
30411
14034
14037
30423
30424
30425
14041
14042
30428
14045
30429
30435
14052
14055
30441
30442
14061
14063
30448
30451
30452
14068
14078
14081
30465
30470
30471
30475
14094
14095
30485
30487
30489
14107
14108
30492
30493
30497
30498
30502
30503
14127
30514
30515
30517
14141
30527
14145
30541
30542
30543
30546
14163
30550
30551
30558
14178
14184
14187
30573
14189
14191
14196
14198
30585
14204
14205
30591
14208
30594
30596
14214
30600
30601
30602
30604
30606
30609
14225
30611
30615
30619
30620
30623
14241
14242
14244
14246
30632
14256
30643
30645
14265
30650
14273
14274
30659
30663
14280
14284
14286
30672
14295
30687
14309
14319
14323
30711
14333
30719
14339
14342
14344
30729
14350
30735
30736
30739
30741
14357
30742
14358
30746
30751
14368
14371
30758
14374
14376
14383
14385
30769
14386
14387
14390
14391
30785
14403
14404
14407
30801
30804
30805
30810
14430
30817
14433
14434
30824
30827
30829
30834
30837
14453
30841
30849
30851
14468
30855
30856
14472
30859
14478
14479
30865
14482
14486
14488
30873
30879
14499
30885
30887
14508
30892
30893
30895
14511
30898
30902
30907
30908
30909
14531
14532
14534
30919
30921
14538
14545
30931
14548
14549
14554
14556
30944
14562
30946
30947
14564
30953
30954
30964
30966
30967
14585
30970
30971
14588
30974
30976
30980
14598
14600
14602
14603
14604
30991
14608
14609
30994
30995
30997
30998
14616
31002
31003
31005
31010
14627
31011
14633
31018
14635
31020
31025
14643
31027
31031
14651
31037
14654
14656
31042
14666
31054
14671
31055
31058
14675
14678
31063
31067
31068
14688
31074
14694
31083
14703
14706
31092
14709
14713
31097
31102
31111
31114
14730
31118
14743
31127
14744
31134
31137
14754
31142
14763
31152
31155
31156
31158
14774
31160
31162
14779
14780
31165
14782
31168
14791
14793
31181
31189
14807
14809
14811
31197
14814
31199
14820
14821
31206
31210
31212
14830
14831
14837
31224
31233
31234
31235
31239
31252
31254
31256
14873
14885
31274
31275
14894
14898
31284
31285
14901
14902
14903
31293
31295
14913
14914
31299
14917
14918
31307
31311
31312
31314
31315
14932
31319
31324
31325
14942
14944
31331
31333
31341
14960
14963
31349
31350
31354
31357
14975
31361
31362
14979
14981
31366
14983
31368
31373
14990
14998
31385
31387
15003
15011
31399
15016
31401
15019
15023
31409
15026
31413
15029
31426
15042
31427
31428
15046
31430
31433
31434
31435
15054
31447
31448
31454
31456
31457
31461
31463
31467
31477
15094
15095
31481
15103
15106
15108
15109
31496
15114
15115
31504
31506
15123
31508
15130
31515
31517
31524
31526
15149
31533
15150
31537
15154
15155
31544
15160
31555
31556
31557
31558
31560
15179
31566
31573
15199
31584
15205
31591
15211
15216
31604
15226
31612
31613
31621
15241
15242
31629
31633
15249
31636
15262
15266
15273
31661
31662
31664
15281
31665
15285
15289
15298
31685
15306
15307
31692
15313
15320
31704
31709
15325
31715
15334
15335
15339
15340
15341
31729
15354
15359
31748
31757
15373
31761
31765
31767
15383
15384
31769
15387
31774
31776
15395
31780
31781
15400
31786
31794
31800
31802
31803
31804
15424
15430
31814
31818
15436
31821
15438
31823
15444
31830
15450
31844
15461
15463
31847
31854
15472
15474
31860
15478
31863
31865
31866
15484
31872
15489
31878
31882
15499
31886
31889
15506
31893
31895
15513
31901
15519
15520
31909
15528
31913
31918
15534
31924
31926
15542
31928
31930
15556
15562
15564
31950
31952
31953
31954
15573
15576
15577
31961
15579
31964
15580
15583
31975
31977
15593
31980
15599
31983
15600
31986
15605
31993
31996
31998
32004
15621
32005
32006
32013
15632
15634
15638
32022
15642
32036
15653
15657
32044
32051
32056
32062
32063
15681
15690
15693
32077
32082
15699
15704
32090
32091
32092
15709
32099
32100
15720
15721
32108
15727
32121
32125
15744
15745
32129
15749
15752
32140
15759
15764
15765
32149
15767
15774
15775
32162
32164
32168
32174
15792
32176
32177
15794
15795
32181
15801
15802
32186
15803
15804
15805
32190
32191
15808
15811
32197
15814
32199
15816
15821
32206
15823
32207
32210
15826
32211
32213
15831
32222
32224
15847
32238
32241
32242
15858
15861
32248
32250
15868
15871
32260
32261
15879
15890
32279
15897
15898
32286
32287
32290
15913
15922
32307
15926
15927
15931
32321
32322
15938
32323
32326
15943
32327
32330
15946
15949
32334
15951
32338
15958
32343
32345
32351
15968
32353
15972
15974
32359
15979
15981
32366
15984
15987
32372
32375
15992
32378
16003
16006
32396
32398
32402
32403
16027
16028
32420
16039
32424
32426
16047
32432
16051
32437
32438
16054
32440
16062
16063
32448
16064
16066
32456
32459
32461
32464
16081
32470
16086
32474
16091
16092
32477
16098
16102
32487
16103
32490
16115
16118
16119
32505
16129
16136
32524
16141
16143
16144
16145
16146
16150
32536
16153
16155
32543
16159
16165
16169
32557
32559
32561
16179
32571
16189
32574
16194
16196
16199
32584
16201
32587
16203
32589
32592
16212
32602
16219
16229
32615
16234
32620
16237
32622
16246
16248
16250
32635
16252
32638
32640
16259
32653
32658
16278
16279
32666
16284
32668
16285
16288
32675
16291
32685
32687
16303
16304
32691
16307
32698
16321
16323
16325
32711
32712
16336
16337
32721
16338
16341
16349
32736
32737
16354
32740
16356
32743
16360
32745
16366
32755
32756
32758
16375
16379
11
49
211
99
229
183
283
428
204
222
14
382
